-0.29418
-0.29418
-0.29418
-0.29418
-0.29418
-0.29418
-0.29418
-0.29418
-0.29418
-0.29418
-0.29418
-0.29717
-0.32485
-0.28557
-0.22316
-0.2226
-0.30132
-0.33573
-0.38437
-0.35438
-0.42472
-0.32516
-0.26192
-0.35112
-0.27894
-0.32317
-0.40754
-0.4188
-0.34192
-0.2998
-0.36974
-0.38083
-0.39408
-0.42543
-0.47465
-0.44684
-0.43512
-0.4797
-0.47115
-0.47744
-0.33599
-0.32866
-0.35203
-0.30556
-0.31049
-0.41313
-0.45509
-0.35658
-0.4687
-0.31276
-0.32146
-0.35457
-0.40408
-0.37967
-0.26729
-0.24823
-0.28794
-0.36862
-0.30726
-0.30245
-0.32138
-0.36764
-0.28458
-0.32245
-0.32351
-0.32989
-0.34832
-0.38789
-0.36086
-0.43699
-0.42167
-0.4432
-0.45352
-0.50496
-0.57342
-0.59572
-0.55703
-0.59016
-0.65763
-0.55663
-0.57235
-0.61203
-0.42406
-0.38024
-0.33105
-0.37446
-0.40336
-0.35385
-0.38944
-0.36659
-0.3585
-0.34332
-0.27153
-0.29539
-0.26967
-0.30509
-0.30809
-0.37083
-0.3181
-0.39325
-0.30901
-0.33353
-0.3775
-0.32062
-0.40187
-0.50668
-0.43668
-0.39763
-0.42562
-0.41592
-0.42577
-0.42721
-0.44066
-0.47283
-0.45332
-0.35891
-0.45039
-0.41965
-0.45473
-0.40752
-0.52832
-0.44095
-0.38072
-0.34087
-0.36508
-0.33993
-0.35601
-0.31981
-0.36645
-0.37443
-0.36167
-0.37914
-0.39466
-0.40486
-0.78
-0.64254
-0.41097
-0.49544
-0.45172
-0.41562
-0.25434
-0.23081
-0.243
-0.20683
-0.23108
-0.29987
-0.35583
-0.24961
-0.4513
-0.44752
-0.51357
-0.52917
-0.49628
-0.51563
-0.53408
-0.43221
-0.34846
-0.42909
-0.43529
-0.33065
-0.31102
-0.37085
-0.3996
-0.42424
-0.50567
-0.37845
-0.35131
-0.38375
-0.3813
-0.37378
-0.3434
-0.37215
-0.43759
-0.39721
-0.33302
-0.36678
-0.37288
-0.408
-0.35546
-0.32622
-0.2792
-0.3107
-0.30196
-0.30447
-0.30002
-0.348
-0.33859
-0.23609
-0.31182
-0.34328
-0.29622
-0.42994
-0.50947
-0.51499
-0.60574
-0.64027
-0.57125
-0.5744
-0.54785
-0.53318
-0.53722
-0.52241
-0.49362
-0.3676
-0.46871
-0.48193
-0.41452
-0.357
-0.34038
-0.25376
-0.32197
-0.22823
-0.15954
-0.24544
-0.21279
-0.301
-0.27975
-0.20813
-0.3218
-0.26124
-0.26946
-0.19987
-0.24804
-0.27962
-0.21393
-0.21956
-0.27252
-0.27605
-0.3573
-0.33328
-0.32918
-0.32776
-0.2725
-0.34851
-0.29862
-0.31193
-0.26833
-0.22034
-0.15715
-0.11658
-0.17582
-0.25664
-0.16648
-0.21628
-0.27992
-0.29826
-0.33401
-0.24817
-0.25165
-0.33819
-0.26221
-0.37441
-0.3505
-0.38505
-0.37793
-0.32463
-0.30685
-0.30478
-0.26031
-0.3002
-0.34449
-0.279
-0.31499
-0.2934
-0.25417
-0.35849
-0.33141
-0.39061
-0.30441
-0.3378
-0.42652
-0.29204
-0.28895
-0.31236
-0.30121
-0.25698
-0.32995
-0.31864
-0.31935
-0.31852
-0.36163
-0.27843
-0.3464
-0.26131
-0.29389
-0.31637
-0.30295
-0.2799
-0.25643
-0.34006
-0.33531
-0.27276
-0.37666
-0.27702
-0.24586
-0.32348
-0.31803
-0.31824
-0.31626
-0.24249
-0.22186
-0.27991
-0.24868
-0.2915
-0.30579
-0.22363
-0.16386
-0.27989
-0.2526
-0.20464
-0.18745
-0.26009
-0.28423
-0.27412
-0.23419
-0.27563
-0.39597
-0.43
-0.43264
-0.41416
-0.37852
-0.45009
-0.37536
-0.40824
-0.48324
-0.25652
-0.29841
-0.24786
-0.28174
-0.32631
-0.32665
-0.26313
-0.28577
-0.39454
-0.42554
-0.51597
-0.56043
-0.49273
-0.46548
-0.56695
-0.60021
-0.58888
-0.61697
-0.49098
-0.55066
-0.53841
-0.4895
-0.56164
-0.59175
-0.56598
-0.46121
-0.53628
-0.44586
-0.43872
-0.40784
-0.44765
-0.44656
-0.49384
-0.31929
-0.33819
-0.31711
-0.29518
-0.32118
-0.25111
-0.29196
-0.20022
-0.29663
-0.29861
-0.26622
-0.19248
-0.23593
-0.25917
-0.24264
-0.31107
-0.28592
-0.3629
-0.29537
-0.25703
-0.39684
-0.32715
-0.26599
-0.28728
-0.2511
-0.23153
-0.27079
-0.24864
-0.29678
-0.27009
-0.28631
-0.26108
-0.35426
-0.25016
-0.30672
-0.31218
-0.23649
-0.32926
-0.27158
-0.26183
-0.24956
-0.23232
-0.23398
-0.30137
-0.30993
-0.33861
-0.34857
-0.37917
-0.34842
-0.46495
-0.40243
-0.38822
-0.46691
-0.37243
-0.38903
-0.2903
-0.34088
-0.31581
-0.37187
-0.3645
-0.43016
-0.46941
-0.48314
-0.42902
-0.45649
-0.51892
-0.4867
-0.45185
-0.48554
-0.53426
-0.58479
-0.63045
-0.55097
-0.51183
-0.50367
-0.49888
-0.49875
-0.53019
-0.61497
-0.59619
-0.71511
-0.72479
-0.64846
-0.65037
-0.62333
-0.66051
-0.55395
-0.62093
-0.66593
-0.6711
-0.81102
-0.77853
-0.77262
-0.7624
-0.7082
-0.69288
-0.66587
-0.71496
-0.68227
-0.73685
-0.66411
-0.72308
-0.75987
-0.73264
-0.74843
-0.78504
-0.70793
-0.75022
-0.77391
-0.76168
-0.60055
-0.6971
-0.64401
-0.84715
-1.1107
-1.0846
-1.1803
-1.3326
-1.4465
-1.4932
-1.5578
-1.4722
-1.4766
-1.3631
-1.5338
-1.5008
-1.441
-1.4327
-1.3792
-1.4473
-1.3175
-1.2647
-1.2467
-1.2638
-1.1312
-1.2552
-1.5526
-1.5323
-1.4502
-1.4136
-1.3711
-1.4141
-1.5758
-1.4883
-1.3926
-1.413
-1.4759
-1.5071
-1.5353
-1.4362
-1.4875
-1.5053
-1.3702
-1.3698
-1.3845
-1.2902
-1.3235
-1.2376
-1.3434
-1.3481
-1.2667
-1.3284
-1.3732
-1.5407
-1.5493
-1.6324
-1.3566
-1.3345
-1.3662
-1.4326
-1.3948
-1.4437
-1.3785
-1.4325
-1.192
-1.1799
-1.1587
-1.1524
-1.1044
-0.96372
-1.2594
-1.2909
-1.2364
-1.3873
-1.3565
-1.4333
-1.5041
-1.5088
-1.4287
-1.3935
-1.402
-1.4852
-1.3756
-1.4374
-1.4926
-1.3771
-1.2544
-1.1858
-1.2014
-1.2411
-1.0857
-0.89907
-1.0383
-1.1824
-1.1607
-1.1833
-1.287
-1.3895
-1.4477
-1.4419
-1.5647
-1.6517
-1.6197
-1.5732
-1.6397
-1.4919
-1.6059
-1.6518
-1.5878
-1.4263
-1.2958
-1.3396
-1.3794
-1.292
-1.2174
-1.1701
-0.99447
-0.97022
-0.85775
-0.87878
-0.86519
-0.8727
-0.97139
-1.0069
-0.95572
-0.86675
-0.844
-0.90445
-0.92981
-0.97365
-1.0383
-1.1241
-1.0747
-1.0129
-1.1
-1.2016
-1.2584
-1.1831
-1.1749
-1.1889
-1.1016
-1.1459
-1.1929
-1.1892
-1.1686
-1.2269
-1.2349
-1.1937
-1.1939
-1.2357
-1.163
-1.2709
-1.218
-1.2367
-1.1087
-1.0538
-1.0149
-0.95647
-0.89023
-0.8844
-0.80548
-0.85578
-0.85074
-0.86346
-0.86343
-0.85464
-0.80735
-0.77557
-0.7511
-0.79783
-0.74198
-0.78673
-0.69327
-0.63621
-0.58683
-0.59539
-0.57664
-0.55485
-0.54633
-0.54596
-0.51575
-0.49347
-0.48855
-0.43859
-0.48187
-0.44085
-0.52586
-0.45184
-0.60953
-0.58986
-0.56911
-0.61555
-0.71339
-0.76843
-0.79404
-0.70418
-0.70197
-0.63999
-0.59391
-0.61606
-0.64355
-0.62165
-0.60354
-0.74165
-0.7885
-0.86017
-0.81585
-0.86458
-0.844
-0.77556
-0.52863
-0.5585
-0.63362
-0.72354
-0.68438
-0.67497
-0.73917
-0.65032
-0.52438
-0.56951
-0.48336
-0.64181
-0.39256
-0.29129
-0.45129
-0.33302
-0.44533
-0.45266
-0.4675
-0.5358
-0.44101
-0.45689
-0.42223
-0.37615
-0.3547
-0.3593
-0.36682
-0.30736
-0.36493
-0.34667
-0.36965
-0.34646
-0.29845
-0.27461
-0.24367
-0.30194
-0.28086
-0.27228
-0.2219
-0.26038
-0.29402
-0.21513
-0.31786
-0.25492
-0.2556
-0.21937
-0.26707
-0.33196
-0.30626
-0.28696
-0.29913
-0.28679
-0.31711
-0.33099
-0.42049
-0.38222
-0.41092
-0.43299
-0.49156
-0.33822
-0.49144
-0.54491
-0.51113
-0.47245
-0.45635
-0.31757
-0.29931
-0.3701
-0.33915
-0.35355
-0.32013
-0.33112
-0.28432
-0.31331
-0.33779
-0.31999
-0.30722
-0.25361
-0.31538
-0.28202
-0.27214
-0.23306
-0.28217
-0.27217
-0.34908
-0.24804
-0.23296
-0.27328
-0.27521
-0.24502
-0.2093
-0.14044
-0.21674
-0.23554
-0.18632
-0.18092
-0.19217
-0.23692
-0.17218
-0.19702
-0.17789
-0.17548
-0.17249
-0.20821
-0.23522
-0.16447
-0.15042
-0.23784
-0.21151
-0.21448
-0.1722
-0.2165
-0.27626
-0.22407
-0.20138
-0.29148
-0.23819
-0.27303
-0.23188
-0.30502
-0.19628
-0.1878
-0.15208
-0.18689
-0.20477
-0.24621
-0.26375
-0.1825
-0.19562
-0.23775
-0.32326
-0.23221
-0.18692
-0.15027
-0.19927
-0.16857
-0.20335
-0.12937
-0.11279
-0.080955
-0.15263
-0.14824
-0.2586
-0.10577
-0.12629
-0.19175
-0.21136
-0.2812
-0.14197
-0.1557
-0.19055
-0.24265
-0.20608
-0.19242
-0.14213
-0.144
-0.1498
-0.18873
-0.18088
-0.24233
-0.26054
-0.16558
-0.17233
-0.20397
-0.20217
-0.21963
-0.15035
-0.13276
-0.19786
-0.20476
-0.14095
-0.14504
-0.17402
-0.10905
-0.22053
-0.20415
-0.28067
-0.26446
-0.17875
-0.20701
-0.21353
-0.245
-0.15045
-0.18335
-0.14678
-0.18134
-0.14697
-0.12774
-0.21214
-0.18584
-0.29538
-0.1867
-0.30239
-0.35584
-0.38576
-0.37273
-0.29986
-0.30537
-0.3323
-0.30503
-0.33447
-0.28636
-0.22764
-0.20986
-0.26363
-0.29405
-0.27606
-0.27685
-0.2381
-0.18524
-0.16363
-0.20307
-0.2098
-0.22833
-0.28544
-0.22156
-0.25342
-0.2361
-0.3035
-0.29329
-0.25233
-0.25545
-0.2776
-0.24667
-0.20623
-0.23945
-0.25213
-0.17972
-0.28856
-0.24325
-0.28997
-0.26759
-0.28227
-0.27856
-0.29795
-0.25009
-0.26069
-0.3219
-0.31863
-0.32981
-0.3029
-0.36449
-0.35969
-0.3318
-0.37785
-0.33387
-0.3226
-0.3068
-0.32964
-0.27514
-0.23637
-0.33957
-0.4531
-0.28874
-0.40163
-0.50176
-0.45979
-0.52442
-0.55786
-0.45218
-0.47036
-0.54753
-0.47774
-0.57885
-0.55175
-0.47371
-0.5145
-0.52844
-0.50386
-0.44121
-0.49894
-0.53012
-0.50352
-0.5375
-0.42623
-0.42449
-0.449
-0.45209
-0.41691
-0.766
-0.71042
-0.64917
-0.65788
-0.62789
-0.47903
-0.52817
-0.53949
-0.54635
-0.49334
-0.40127
-0.41232
-0.46829
-0.4195
-0.41722
-0.36762
-0.47755
-0.49263
-0.59881
-0.61064
-0.64707
-0.51177
-0.48426
-0.42421
-0.42589
-0.40275
-0.43702
-0.56036
-0.61576
-0.6474
-0.72516
-0.61016
-0.59863
-1.1876
-1.1724
-1.0227
-1.0185
-1.0251
-1.0711
-0.88233
-0.86949
-0.76395
-0.68727
-0.63775
-0.59267
-0.5647
-0.55761
-0.5939
-0.48555
-0.53136
-0.49855
-0.54711
-0.49836
-0.742
-1.5231
-1.4109
-1.3374
-1.3647
-1.4905
-1.4802
-1.3713
-1.25
-1.2048
-1.1474
-1.0427
-1.0746
-1.0176
-0.92723
-0.92897
-0.92386
-1.0271
-1.174
-1.2729
-1.3015
-1.3168
-1.2918
-1.1839
-1.2023
-1.0627
-1.143
-1.1352
-1.1618
-1.2696
-1.0721
-0.91924
-1.0037
-1.0078
-0.98376
-0.83782
-0.90943
-0.88238
-0.89194
-0.93138
-0.78688
-0.69573
-0.75365
-0.62401
-0.66854
-0.55458
-0.65922
-0.67261
-0.69589
-0.73625
-0.77982
-0.78213
-0.68792
-0.5375
-0.73507
-0.72396
-0.67038
-0.94278
-1.0637
-1.1086
-1.178
-1.165
-1.1623
-1.3152
-1.4352
-1.1615
-1.1423
-1.1803
-1.1027
-1.1781
-1.1781
-1.0971
-1.1406
-1.2863
-1.2943
-1.1423
-1.1042
-1.0161
-1.058
-1.099
-1.269
-1.1276
-0.94481
-1.0115
-1.0044
-1.0145
-0.97699
-0.94791
-0.98304
-1.0605
-1.1535
-1.227
-1.1499
-1.0241
-1.1443
-1.1701
-1.0202
-1.0948
-0.92708
-0.98315
-0.9329
-0.83065
-0.90173
-0.92236
-1.0221
-1.0984
-1.1116
-1.0046
-0.96225
-0.87942
-1.039
-1.0944
-1.1374
-0.92995
-0.89857
-0.90134
-0.93707
-0.86422
-0.84617
-0.90451
-0.79267
-0.76044
-0.29204
-0.12763
-0.9613
-0.91059
-0.92527
-0.8364
-0.76378
-0.75759
-0.79628
-0.78542
-0.6335
-0.44606
-0.31706
-0.95966
-0.88575
-1.0573
-0.81162
-0.83397
-0.74995
-0.7568
-0.68224
-0.63897
-0.41908
-0.36261
-0.95497
-1.0041
-1.0214
-0.75151
-0.69265
-0.71854
-0.75005
-0.64663
-0.55129
-0.19564
-0.56547
-0.87238
-0.98336
-0.95901
-0.74955
-0.69647
-0.67619
-0.77522
-0.67028
-0.48878
-0.20149
-0.74626
-0.95003
-1.158
-1.0778
-0.8039
-0.78244
-0.77029
-0.78971
-0.71425
-0.41004
-0.3628
-0.904
-0.906
-1.1074
-0.85818
-0.81476
-0.75655
-0.72372
-0.68806
-0.60801
-0.3553
-0.67817
-0.85856
-0.91878
-0.96994
-0.71459
-0.66345
-0.6884
-0.77009
-0.73577
-0.558
-0.31057
-0.83706
-0.9998
-1.0864
-0.83882
-0.73193
-0.79404
-0.84454
-0.65805
-0.56432
-0.29826
-0.49292
-1.0443
-1.0292
-1.084
-0.84085
-0.79568
-0.81351
-0.85415
-0.77088
-0.73289
-0.48981
-0.63435
-0.95612
-0.999
-0.98374
-0.88228
-0.76942
-0.77114
-0.74813
-0.72129
-0.41298
-0.44831
-0.88237
-0.92884
-1.1255
-0.99416
-0.88385
-0.79368
-0.73402
-0.69479
-0.6417
-0.30859
-0.48283
-1.0335
-1.0064
-1.1015
-0.85874
-0.83436
-0.72823
-0.80942
-0.75524
-0.66545
-0.55603
-0.65913
-1.1108
-0.99055
-1.1001
-0.84636
-0.8195
-0.7996
-0.80235
-0.67754
-0.45279
-0.4273
-0.56172
-0.99638
-1.0237
-1.0466
-0.85879
-0.7477
-0.74006
-0.80331
-0.6889
-0.48459
-0.39763
-0.67333
-0.92716
-0.97318
-1.0567
-0.85725
-0.77968
-0.81587
-0.84697
-0.7124
-0.52742
-0.43729
-0.48937
-1.0148
-0.9388
-1.1394
-0.90623
-0.92516
-0.825
-0.80009
-0.84973
-0.74223
-0.46968
-0.66766
-1.1729
-0.97059
-1.0317
-0.78072
-0.80139
-0.76142
-0.70601
-0.69603
-0.72625
-0.49214
-0.44538
-0.79396
-0.97657
-1.2286
-0.97462
-0.74725
-0.72666
-0.62946
-0.7104
-0.68956
-0.42818
-0.47517
-1.0652
-1.0792
-1.0524
-0.98712
-0.87449
-0.79724
-0.83537
-0.70704
-0.4706
-0.37072
-0.48614
-0.90065
-0.94707
-1.0582
-0.92509
-0.80221
-0.75014
-0.78579
-0.71853
-0.67019
-0.50661
-0.4752
-0.81632
-0.89147
-1.0512
-0.89454
-0.7568
-0.71156
-0.82427
-0.82228
-0.78943
-0.55897
-0.42879
-0.77308
-0.98147
-1.0788
-0.98526
-0.79349
-0.77365
-0.76429
-0.85243
-0.68278
-0.44881
-0.43046
-0.69857
-0.86602
-1.0388
-0.93202
-0.77523
-0.77184
-0.75427
-0.73925
-0.70008
-0.36154
-0.39698
-0.77139
-0.98569
-1.1434
-1.0811
-0.92986
-0.87729
-0.78768
-0.81766
-0.75111
-0.48657
-0.41704
-0.49203
-0.90399
-0.83471
-0.94718
-0.77417
-0.70909
-0.61536
-0.61914
-0.6029
-0.59857
-0.35789
-0.30657
-0.84048
-0.86523
-1.1269
-0.93638
-0.85279
-0.76543
-0.7343
-0.66611
-0.688
-0.45201
-0.30154
-0.49609
-0.93746
-0.84349
-1.0609
-0.70703
-0.73968
-0.71127
-0.76389
-0.67545
-0.49625
-0.33243
-0.30217
-0.74953
-0.86089
-1.0136
-0.87795
-0.79686
-0.7505
-0.64042
-0.6263
-0.47807
-0.15369
-0.26249
-0.75654
-0.81381
-1.168
-0.96312
-0.8726
-0.70683
-0.59437
-0.60984
-0.50021
-0.38236
-0.24625
-0.46264
-0.93645
-0.89699
-1.0491
-0.80197
-0.70635
-0.75338
-0.7972
-0.65776
-0.58648
-0.63407
-0.36609
-0.19182
-0.60385
-0.67407
-0.866
-0.81418
-0.72269
-0.54862
-0.51625
-0.53494
-0.58131
-0.53623
-0.49859
-0.56151
-0.49573
-0.48957
-0.42137
-0.47335
-0.41299
-0.40862
-0.50367
-0.46225
-0.43744
-0.32999
-0.47351
-0.56095
-0.55316
-0.60502
-0.73195
-0.6918
-0.58531
-0.57698
-0.61835
-0.59886
-0.68626
-0.62
-0.71805
-0.62889
-0.64354
-0.6646
-0.77787
-0.67094
-0.56942
-0.50129
-0.52659
-0.59498
-0.60079
-0.61291
-0.60834
-0.66586
-0.64427
-0.76629
-0.68416
-0.62283
-0.57736
-0.62629
-0.56338
-0.61345
-0.63897
-0.58662
-0.52056
-0.5806
-0.75866
-0.67544
-0.65303
-0.58721
-0.5748
-0.62761
-0.64162
-0.61564
-0.58707
-0.5711
-0.6135
-0.74701
-0.73116
-0.85349
-0.81414
-0.88986
-0.86166
-0.75638
-0.84563
-0.78539
-0.82843
-0.74547
-0.72884
-0.98557
-0.98723
-1.0602
-1.1192
-0.99609
-1.1218
-1.0474
-1.1873
-1.2005
-1.1079
-1.1369
-1.1063
-1.0828
-1.1025
-1.0728
-1.118
-1.0517
-1.0106
-1.1026
-0.99196
-0.97736
-1.1279
-1.0254
-0.99992
-0.96789
-1.0397
-0.88011
-0.96146
-1.0257
-0.92065
-0.85278
-0.84824
-0.83153
-0.79418
-0.75647
-0.76732
-0.69317
-0.64959
-0.555
-0.6202
-0.54224
-0.58368
-0.91585
-0.93354
-1.0236
-1.1114
-1.1818
-1.2444
-1.17
-1.2296
-0.99318
-0.89516
-0.79577
-0.77406
-0.91795
-0.91495
-0.76552
-0.88548
-0.9465
-1.0393
-1.1369
-1.1138
-1.0001
-1.1379
-1.079
-1.0594
-1.067
-1.1388
-1.0972
-0.99309
-1.1307
-0.99183
-0.96474
-0.94607
-0.91411
-0.81917
-0.89817
-0.93193
-0.9725
-0.89576
-0.81325
-0.83927
-0.88554
-1.0305
-0.9851
-0.83634
-0.80718
-0.78715
-0.68951
-0.66954
-0.70901
-0.7369
-0.7668
-0.7701
-0.73183
-0.67161
-0.64148
-0.69335
-0.78108
-0.73237
-0.76961
-0.68649
-0.65095
-0.70418
-0.63256
-0.62682
-0.69338
-0.69054
-0.79993
-0.83523
-0.92239
-0.88608
-0.8342
-0.86821
-0.84854
-0.79245
-0.74506
-0.84882
-0.66902
-0.6334
-0.60656
-0.6339
-0.6129
-0.54555
-0.48586
-0.60106
-0.59225
-0.60253
-0.67875
-0.73149
-0.74943
-0.86972
-0.9543
-1.0409
-0.97181
-0.98175
-0.83967
-0.92107
-0.86444
-0.87814
-0.88348
-1.0357
-0.88588
-0.77391
-0.67354
-0.69951
-0.65547
-0.69292
-0.76096
-0.77591
-0.65641
-0.79323
-0.80227
-0.85425
-0.80595
-0.75738
-0.78485
-0.82178
-0.70353
-0.68896
-0.62105
-0.43814
-0.43171
-0.33741
-0.29025
-0.22786
-0.18468
-0.51764
-0.51318
-0.55773
-0.64529
-0.59551
-0.50755
-0.18199
-0.047529
-0.12485
-0.11859
-0.13544
-0.15996
-0.21562
-0.31447
-0.4455
-0.3627
-0.33334
-0.21332
-0.19898
-0.2494
-0.14755
-0.15785
-0.15464
-0.11699
-0.206
-0.17728
-0.11958
-0.021112
-0.051736
-0.10359
-0.23386
-0.38693
-0.46315
-0.43849
-0.39571
-0.45143
-0.38692
-0.38993
-0.27264
-0.34424
-0.316
-0.24986
-0.24202
-0.29853
-0.25303
-0.34401
-0.25662
-0.27299
-0.2383
-0.26433
-0.20326
-0.12826
-0.17158
-0.26996
-0.25257
-0.3205
-0.27892
-0.20622
-0.30266
-0.2059
-0.18636
-0.18322
-0.33434
-0.29405
-0.21931
-0.23361
-0.2414
-0.31391
-0.32304
-0.38364
-0.29324
-0.2751
-0.23621
-0.1927
-0.12274
-0.15594
-0.16376
-0.17834
-0.28794
-0.27617
-0.30007
-0.29403
-0.21813
-0.17261
-0.20923
-0.084048
-0.18624
-0.15649
-0.24881
-0.20128
-0.16994
-0.20048
-0.19272
-0.21454
-0.27768
-0.31118
-0.2627
-0.26103
-0.19866
-0.23001
-0.16215
-0.18274
-0.1366
-0.19717
-0.22581
-0.10648
-0.18997
-0.13989
-0.1822
-0.16633
-0.1894
-0.28401
-0.16896
-0.12193
-0.11638
-0.08422
-0.099816
-0.12855
-0.20496
-0.23097
-0.23844
-0.27713
-0.27309
-0.31983
-0.26296
-0.16667
-0.16239
-0.16637
-0.15031
-0.18027
-0.22738
-0.22929
-0.22169
-0.23495
-0.22318
-0.22827
-0.265
-0.25401
-0.10875
-0.1497
-0.18383
-0.20643
-0.3929
-0.4687
-0.36606
-0.27965
-0.32487
-0.35938
-0.18583
-0.21996
-0.22628
-0.2046
-0.079986
-0.11881
-0.081114
-0.08142
0.014704
0.0071847
-0.059063
-0.069029
-0.14298
-0.12145
-0.095039
-0.048964
-0.079236
0.0034853
-0.043118
-0.043828
-0.054676
-0.040917
-0.20711
-0.27531
-0.40468
-0.62556
-0.84399
-0.92273
-0.95631
-0.98066
-0.80101
-0.71963
-0.46953
-0.31629
-0.15466
-0.10575
-0.028423
-0.088539
-0.12403
-0.20518
-0.18365
-0.092428
-0.092405
-0.20229
-0.71071
-0.61931
-0.51103
-0.3994
-0.65086
-0.61558
-1.0426
-1.1133
-1.0425
-1.0263
-0.97002
-0.8518
-0.82242
-0.82885
-0.91372
-0.69226
-0.74882
-0.78965
-0.83068
-0.79759
-0.61508
-0.59018
-0.60603
-0.57978
-0.47083
-0.56051
-1.08
-1.2731
-0.98776
-0.8885
-0.83912
-0.81098
-0.73342
-0.69542
-0.49148
-0.54946
-0.61145
-0.52398
-0.49884
-0.48555
-0.51675
-0.58006
-0.57603
-0.57714
-0.54708
-0.49749
-0.52279
-0.36826
-0.29112
-0.37604
-1.111
-1.4548
-1.4609
-1.3472
-1.2686
-1.2881
-1.341
-1.2889
-1.305
-1.2939
-1.2827
-1.1892
-1.0621
-0.9698
-0.8327
-0.84711
-0.84842
-0.85142
-0.75286
-1.1526
-1.3199
-1.3238
-1.3562
-1.2979
-1.2622
-1.3451
-1.2726
-1.2482
-1.2677
-1.2886
-1.2011
-1.1855
-0.9818
-0.95337
-0.93822
-0.85174
-0.82409
-0.80297
-0.73374
-0.72917
-0.55924
-0.48797
-0.36968
-0.50868
-0.49413
-0.50209
-0.47118
-0.49103
-0.59253
-0.53811
-0.50124
-0.48204
-0.58948
-0.53921
-0.61051
-0.49806
-1.1205
-1.3655
-1.2088
-1.1665
-1.1672
-1.3252
-1.2033
-1.1076
-1.2248
-1.1739
-1.1865
-1.1872
-1.1354
-1.1847
-1.2895
-1.1332
-1.1492
-1.1495
-1.1141
-1.0601
-1.0064
-0.86
-0.78862
-0.85503
-0.77229
-0.65905
-0.69613
-0.62631
-0.54764
-0.67583
-0.67448
-0.66635
-0.6139
-0.67081
-0.68682
-0.77028
-0.74394
-1.0054
-1.1358
-1.1326
-1.1964
-1.1152
-1.2196
-1.178
-1.2005
-1.1028
-1.1287
-1.1183
-1.0258
-1.0004
-1.0783
-1.0797
-1.0248
-1.0585
-1.1549
-1.1632
-1.1579
-1.1593
-1.0296
-0.90144
-0.766
-0.77765
-0.74048
-0.60813
-0.58939
-0.53296
-0.60307
-0.68651
-0.60827
-0.62085
-0.70172
-0.80007
-0.79111
-0.73779
-0.61244
-0.97227
-1.1758
-1.0915
-1.2321
-1.1959
-1.1896
-1.1446
-1.0533
-1.1543
-1.2053
-1.1106
-0.99215
-0.98555
-0.99619
-1.0173
-0.99664
-1.0042
-0.98174
-1.0034
-1.0128
-0.91708
-0.95303
-0.87467
-0.72645
-0.71312
-0.77536
-0.76137
-0.6406
-0.89499
-0.87347
-0.78746
-0.70412
-0.737
-0.66158
-0.67534
-0.74247
-0.6722
-0.66487
-0.63655
-0.89927
-1.2185
-1.1955
-1.2061
-1.1353
-1.1138
-1.0938
-1.2725
-1.1556
-1.2734
-1.2145
-1.2044
-1.0895
-1.1958
-1.2485
-1.2204
-1.2237
-1.2369
-1.3174
-1.2788
-1.1866
-1.2053
-1.0631
-1.0509
-1.1161
-1.0325
-0.95308
-0.80707
-0.86093
-0.73675
-0.71865
-0.68312
-0.667
-0.67199
-0.77945
-0.64212
-0.72399
-0.65114
-0.69812
-0.59377
-0.59801
-0.55276
-0.53376
-0.45719
-0.48057
-0.4376
-0.47379
-0.53782
-0.60057
-0.62671
-0.54872
-0.51087
-0.49595
-0.39026
-0.38033
-0.3514
-0.33271
-0.34526
-0.33447
-0.35949
-0.38474
-0.32516
-0.29092
-0.23729
-0.19803
-0.22091
-0.20914
-0.16178
-0.24568
-0.17036
-0.16829
-0.14902
-0.12867
-0.12102
-0.12035
-0.058878
-0.14069
-0.1569
-0.2186
-0.15793
-0.093874
-0.13827
-0.17696
-0.14634
-0.17791
-0.12866
-0.083067
-0.061517
-0.10356
-0.032206
-0.03178
-0.17456
-0.2064
-0.12483
-0.20527
-0.19268
-0.22123
-0.24915
-0.32816
-0.22388
-0.18824
-0.20753
-0.15574
-0.15252
-0.070541
-0.12911
-0.1936
-0.10698
-0.11734
-0.087489
-0.049369
-0.031023
-0.064229
-0.096866
-0.076219
-0.086522
-0.033981
-0.084144
-0.039479
0.018665
-0.082015
-0.059889
-0.14835
-0.14351
-0.076132
-0.060161
-0.10943
-0.12851
-0.19047
-0.29366
-0.3721
-0.42375
-0.42742
-0.39309
-0.40564
-0.36445
-0.34437
-0.2268
-0.17868
-0.20797
-0.22664
-0.27901
-0.14582
-0.08599
-0.13039
-0.089959
-0.2311
-0.17947
-0.11607
-0.057846
-0.13932
-0.10834
-0.16132
-0.13177
-0.12197
-0.069286
-0.15092
-0.21391
-0.14472
-0.19772
-0.045671
-0.18046
-0.2036
-0.27757
-0.27925
-0.35573
-0.46498
-0.40549
-0.43206
-0.40104
-0.40986
-0.34448
-0.37111
-0.37825
-0.34335
-0.27149
-0.31291
-0.35735
-0.3475
-0.3778
-0.36077
-0.25692
-0.24863
-0.35239
-0.32408
-0.32656
-0.25821
-0.32774
-0.30686
-0.37561
-0.37196
-0.43181
-0.28734
-0.32633
-0.2281
-0.29566
-0.35096
-0.34689
-0.43723
-0.33982
-0.41292
-0.50481
-0.44487
-0.54074
-0.49076
-0.59945
-0.432
-0.41397
-0.35924
-0.33388
-0.38779
-0.4197
-0.5268
-0.42451
-0.50996
-0.58043
-0.5601
-0.52811
-0.50986
-0.53364
-0.56383
-0.51027
-0.49278
-0.57366
-0.58477
-0.55082
-0.64045
-0.60679
-0.66313
-0.65411
-0.70581
-0.76425
-0.78384
-0.73081
-0.75755
-0.63008
-0.6584
-0.62467
-0.72062
-0.64713
-0.62954
-0.59269
-0.46874
-0.58361
-0.62671
-0.57703
-0.53968
-0.50039
-0.51884
-0.49349
-0.47438
-0.47976
-0.44393
-0.40105
-0.50168
-0.47639
-0.61082
-0.54797
-0.64777
-0.55936
-0.65971
-0.55558
-0.5596
-0.5395
-0.53134
-0.56343
-0.56384
-0.62208
-0.72303
-0.70128
-0.64183
-0.63856
-0.62744
-0.57758
-0.63765
-0.5688
-0.56104
-0.53498
-0.42998
-0.54915
-0.61481
-0.62678
-0.6352
-0.66672
-0.56289
-0.58145
-0.57001
-0.46913
-0.52254
-0.5186
-0.46624
-0.50808
-0.52744
-0.50486
-0.65067
-0.58112
-0.46329
-0.44398
-0.45783
-0.49534
-0.58396
-0.85604
-1.06
-1.0824
-1.4711
-1.2678
-1.3301
-1.1093
-1.0452
-1.06
-1.0485
-0.90849
-0.77454
-0.83403
-0.73625
-0.73904
-0.65376
-0.54961
-0.56346
-0.43164
-0.3782
-0.39247
-0.46484
-0.46325
-0.56261
-0.5997
-0.79532
-1.1493
-1.2907
-1.3441
-1.2492
-1.2565
-1.1861
-1.2177
-1.1047
-1.0644
-1.1398
-1.1673
-1.0444
-1.1282
-1.2037
-1.2144
-1.1763
-1.2785
-1.2192
-1.3182
-1.1613
-1.2435
-1.1779
-1.1689
-1.143
-1.2138
-1.0673
-1.0584
-1.0302
-1.0721
-0.95781
-0.83336
-0.76149
-0.77551
-0.69604
-0.72658
-0.67165
-0.64665
-0.5275
-0.62142
-0.583
-0.52588
-0.51038
-0.47544
-0.38236
-0.49434
-0.41097
-0.47257
-0.61038
-0.50549
-0.52826
-0.67233
-0.73781
-0.71959
-0.8797
-0.8111
-0.79934
-0.93571
-0.75837
-0.89151
-0.95445
-0.99217
-1.0633
-1.2111
-1.1723
-1.0742
-1.2252
-1.1009
-1.0289
-1.0851
-0.89485
-0.93559
-0.89227
-0.84848
-0.789
-0.80752
-0.72402
-0.66454
-0.72382
-0.5395
-0.68183
-0.6415
-0.58859
-0.62186
-0.657
-0.91338
-0.94289
-1.0518
-1.087
-1.1885
-1.2386
-1.1552
-1.1828
-1.1328
-1.0321
-1.0876
-1.1459
-1.1349
-1.1473
-1.1978
-1.1725
-1.0832
-1.1259
-1.028
-0.98645
-0.96112
-1.0039
-1.0014
-1.122
-1.0815
-1.0566
-0.99522
-0.91355
-0.92011
-0.99761
-1.0937
-0.94784
-0.9529
-0.90687
-1.0833
-1.0853
-0.9459
-0.85486
-0.74626
-0.73944
-0.68396
-0.631
-0.64971
-0.7107
-0.58187
-0.6724
-0.67583
-0.96638
-1.1986
-1.0769
-1.1694
-1.4289
-1.3657
-1.1102
-0.8746
-1.1635
-0.99325
-1.2033
-1.2155
-1.1775
-1.179
-1.0826
-1.0068
-1.1723
-1.1179
-0.90142
-0.80683
-1.1838
-1.156
-1.0409
-0.91089
-0.96385
-1.0764
-1.0989
-0.98995
-1.0267
-0.88075
-0.84665
-0.75289
-0.8002
-1.0983
-1.0982
-1.2043
-1.3597
-1.3276
-1.3822
-1.315
-1.3176
-1.2881
-1.3909
-1.4643
-1.2258
-1.2534
-1.1954
-1.2086
-1.1824
-1.1921
-1.176
-1.1456
-1.3345
-1.5311
-1.4055
-1.2843
-1.45
-1.4611
-1.3905
-1.4021
-1.3014
-1.3276
-1.2202
-1.2264
-1.259
-1.2927
-1.3245
-1.4335
-1.5496
-1.5475
-1.5213
-1.4284
-1.3335
-1.3962
-1.3888
-1.3981
-1.4025
-1.4374
-1.3596
-1.2987
-1.3899
-1.4993
-1.5198
-1.6501
-1.7931
-1.7498
-1.6534
-1.518
-1.4542
-1.3106
-1.1706
-1.0796
-1.0517
-1.0901
-1.0243
-1.0555
-1.0188
-1.0957
-1.1182
-1.4206
-1.5367
-1.3517
-1.2458
-1.324
-1.4085
-1.303
-1.3194
-1.3013
-1.1917
-0.94418
-1.167
-1.1193
-1.1532
-1.2748
-1.3001
-1.3922
-1.3643
-1.3713
-1.3144
-1.2128
-1.1599
-1.1075
-1.1
-1.1259
-1.2312
-1.2753
-1.1661
-1.2524
-1.1515
-1.1304
-1.1474
-1.4146
-1.6312
-1.5294
-1.5007
-1.3798
-1.2681
-1.2716
-1.2545
-1.3634
-1.4037
-1.3376
-1.2501
-1.2003
-1.0538
-0.91372
-0.6693
-0.76426
-0.72179
-0.65028
-0.76742
-0.69622
-0.78367
-0.85955
-0.81964
-0.81425
-0.7799
-0.78279
-0.81636
-0.7419
-0.79834
-0.76095
-0.88381
-0.88901
-0.86557
-0.8481
-1.033
-1.0666
-1.0563
-1.1744
-1.0892
-1.0561
-0.99097
-1.0041
-0.97546
-0.90929
-0.92109
-0.95233
-0.8736
-0.83053
-0.81067
-0.87935
-0.84627
-0.79135
-0.87021
-0.8031
-0.75467
-0.70624
-0.70967
-0.66948
-0.64287
-0.65998
-0.6887
-0.66173
-0.72405
-0.63298
-0.63767
-0.56547
-0.53205
-0.60989
-0.61482
-0.59973
-0.4957
-0.51509
-0.47073
-0.47515
-0.41502
-0.4749
-0.492
-0.51234
-0.50326
-0.42619
-0.44419
-0.44139
-0.43902
-0.41374
-0.31249
-0.3165
-0.34836
-0.4198
-0.417
-0.3603
-0.34628
-0.43126
-0.48547
-0.43911
-0.43999
-0.43288
-0.4641
-0.48932
-0.59616
-0.47641
-0.58549
-0.48888
-0.57246
-0.52333
-0.51558
-0.40653
-0.44317
-0.46089
-0.38423
-0.44253
-0.39387
-0.33555
-0.41125
-0.41946
-0.57157
-0.59004
-0.58433
-0.52715
-0.61486
-0.47851
-0.50742
-0.47884
-0.52285
-0.50583
-0.4777
-0.42288
-0.5026
-0.52478
-0.57872
-0.58673
-0.5348
-0.45591
-0.4578
-0.52548
-0.59795
-0.61979
-0.6167
-0.64504
-0.62174
-0.41277
-0.41409
-0.38998
-0.57691
-0.49808
-0.40335
-0.44621
-0.4702
-0.40143
-0.4314
-0.41011
-0.47431
-0.47192
-0.46447
-0.45617
-0.36961
-0.41082
-0.50495
-0.51222
-0.33211
-0.38686
-0.45325
-0.43648
-0.4343
-0.39151
-0.40519
-0.42297
-0.38032
-0.43322
-0.5436
-0.49532
-0.46429
-0.54586
-0.55874
-0.44458
-0.42651
-0.46455
-0.48024
-0.4135
-0.39978
-0.36729
-0.47028
-0.44532
-0.42118
-0.31755
-0.29308
-0.30524
-0.27408
-0.32826
-0.39304
-0.4041
-0.42636
-0.49514
-0.48277
-0.53159
-0.4643
-0.44346
-0.43408
-0.50848
-0.4519
-0.49502
-0.60616
-0.59941
-0.63658
-0.64571
-0.58653
-0.62768
-0.58172
-0.51576
-0.54224
-0.52019
-0.50569
-0.53085
-0.53218
-0.54314
-0.54289
-0.56447
-0.51487
-0.47124
-0.32148
-0.26329
-0.34468
-0.36994
-0.44156
-0.43117
-0.60065
-0.60709
-0.6447
-0.63855
-0.46488
-0.4542
-0.49316
-0.5209
-0.45195
-0.47158
-0.45456
-0.41585
-0.46838
-0.44077
-0.51336
-0.51415
-0.45054
-0.4518
-0.56148
-0.59049
-0.52356
-0.52992
-0.40127
-0.45402
-0.40451
-0.38534
-0.41762
-0.43223
-0.40212
-0.31495
-0.32835
-0.43113
-0.33526
-0.34423
-0.45198
-0.37608
-0.44352
-0.38094
-0.37972
-0.38776
-0.32776
-0.35144
-0.38123
-0.48468
-0.47172
-0.47756
-0.44632
-0.42074
-0.35463
-0.38701
-0.38312
-0.37012
-0.46532
-0.40153
-0.38156
-0.68879
-0.71861
-0.61027
-0.66313
-0.47676
-0.42777
-0.35977
-0.28274
-0.24793
-0.30192
-0.29191
-0.31628
-0.29377
-0.34431
-0.26529
-0.19785
-0.21106
-0.25321
-0.31803
-0.2317
-0.17109
-0.19134
-0.26303
-0.29007
-0.25177
-0.27792
-0.289
-0.54722
-1.1378
-1.0991
-1.4192
-1.3122
-1.1151
-0.95978
-0.96979
-0.88283
-0.91078
-0.64863
-0.66897
-0.63667
-0.71196
-0.7132
-0.68094
-0.60221
-0.45172
-0.4139
-0.42678
-0.38643
-0.38089
-0.42085
-0.45576
-0.37031
-0.39829
-0.25973
-0.2507
-0.25263
-0.299
-0.37795
-0.4482
-0.27907
-0.37452
-0.36684
-0.33532
-0.23323
-0.25003
-0.12974
-0.23025
-0.11946
-0.15705
-0.24439
-0.1626
-0.76183
-0.99315
-0.86824
-0.96832
-1.0153
-1.0473
-1.1268
-1.1061
-1.0821
-1.0169
-1.1621
-0.95433
-0.9115
-1.032
-0.82123
-0.98402
-1.0443
-0.95937
-0.75876
-0.74785
-0.72141
-0.71236
-0.83345
-0.7988
-0.80563
-0.69837
-0.60672
-0.62775
-0.73355
-0.71837
-0.78321
-0.76355
-0.87518
-0.82812
-0.77476
-0.77206
-0.78596
-0.58478
-0.55494
-0.60823
-0.62365
-0.6442
-0.61114
-0.62713
-0.60854
-0.57181
-0.50654
-0.45131
-0.51299
-0.44658
-0.49186
-0.53957
-0.42734
-0.91941
-1.166
-1.273
-1.3513
-1.2904
-1.2953
-1.395
-1.3181
-1.4077
-1.3479
-1.306
-1.3841
-1.4574
-1.5779
-1.449
-1.414
-1.3586
-1.4021
-1.3523
-1.396
-1.4773
-1.4889
-1.381
-1.1706
-1.072
-1.0529
-1.2991
-1.4203
-1.5147
-1.5652
-1.584
-1.4895
-1.3382
-1.2971
-1.322
-1.3271
-1.3336
-1.4184
-1.3467
-1.2069
-1.2073
-1.0265
-0.98334
-1.072
-1.0839
-1.0946
-1.0621
-1.0912
-1.1836
-1.4105
-1.3507
-1.2283
-1.0149
-0.4355
-0.376
-1.0686
-1.1709
-0.95507
-1.0249
-1.0437
-1.0945
-1.1058
-0.89357
-0.88821
-0.88424
-0.79566
-0.84009
-0.77615
-0.77733
-0.84784
-0.88371
-0.77146
-0.75194
-0.74351
-0.6603
-0.17275
-0.30456
-0.88167
-0.98455
-0.99115
-0.93786
-1.1017
-1.0057
-0.96814
-0.89566
-0.82644
-0.6785
-0.80145
-0.69525
-0.82014
-0.76121
-0.71351
-0.72864
-0.6257
-0.61381
-0.57764
-0.37689
-0.28793
-0.25772
-1.0692
-1.0671
-1.0565
-0.95081
-1.1385
-1.0509
-0.9628
-0.88306
-0.90339
-0.81267
-0.86522
-0.81873
-0.88855
-0.80206
-0.80848
-0.75191
-0.71798
-0.57147
-0.37867
-0.11518
-0.10598
-0.81525
-1.0312
-1.0447
-0.95347
-1.1011
-1.0915
-0.9351
-0.87448
-0.83765
-0.85385
-0.7493
-0.70588
-0.78443
-0.82573
-0.84197
-0.67682
-0.66106
-0.62696
-0.48282
-0.34299
-0.1783
-0.066679
-0.96445
-1.0345
-1.0416
-0.96685
-1.136
-1.057
-1.0308
-0.81661
-0.8268
-0.80183
-0.80009
-0.75892
-0.94693
-0.79953
-0.80018
-0.80747
-0.66897
-0.7193
-0.73666
-0.85496
-0.9337
-0.88208
-1.0208
-0.97173
-1.0788
-0.9492
-1.0733
-1.0743
-1.0099
-1.0474
-0.88396
-0.9179
-0.97482
-0.85275
-0.81997
-0.84943
-0.82278
-0.90532
-0.93513
-0.8783
-0.93792
-0.91234
-0.86354
-0.86129
-0.91473
-0.96334
-1.0005
-1.0504
-1.0353
-0.99002
-1.0175
-1.0221
-0.98925
-0.93877
-0.91205
-0.92783
-0.85637
-0.95872
-0.98154
-0.84639
-0.85658
-0.80107
-0.84827
-0.88253
-0.78446
-0.88348
-0.84385
-0.71104
-0.79076
-0.70661
-0.64073
-0.7373
-0.65844
-0.66579
-0.5727
-0.64927
-0.60742
-0.59287
-0.56313
-0.49225
-0.47685
-0.50099
-0.50249
-0.53098
-0.48435
-0.37749
-0.44499
-0.34326
-0.31204
-0.20843
-0.20361
-0.20458
-0.15327
-0.028968
-0.13835
-0.13041
-0.23311
-0.23149
-0.22192
-0.36114
-0.28642
-0.26319
-0.2841
-0.27612
-0.24518
-0.37256
-0.34807
-0.28408
-0.37559
-0.38203
-0.39287
-0.29363
-0.24577
-0.24323
-0.26548
-0.25496
-0.16326
-0.28123
-0.30149
-0.33408
-0.39199
-0.4723
-0.36854
-0.35581
-0.34898
-0.36085
-0.29256
-0.32381
-0.35684
-0.20436
-0.21698
-0.2471
-0.15959
-0.16623
-0.20546
-0.20134
-0.19524
-0.085957
-0.20442
-0.17705
-0.20921
-0.15959
-0.28009
-0.26703
-0.34807
-0.32896
-0.39001
-0.476
-0.36043
-0.50456
-0.45288
-0.48925
-0.42406
-0.40214
-0.42614
-0.40645
-0.58984
-0.57369
-0.55114
-0.61237
-0.49733
-0.47236
-0.44763
-0.55479
-0.52473
-0.54495
-0.67921
-0.75853
-0.72192
-0.64904
-0.59884
-0.58612
-0.48298
-0.53453
-0.52281
-0.53445
-0.48127
-0.59252
-0.57973
-0.64077
-0.72844
-0.68363
-0.73467
-0.68113
-0.66976
-0.84624
-0.93641
-1.0087
-0.99281
-1.1596
-1.2044
-1.165
-1.1104
-1.1129
-1.0264
-0.99839
-1.0636
-1.0433
-1.0828
-0.97713
-0.91141
-0.83035
-0.79682
-0.79139
-0.9203
-0.85245
-0.875
-0.97414
-1.0338
-0.99256
-0.9362
-0.90484
-0.87404
-0.73879
-0.74711
-0.76095
-0.72621
-0.74564
-0.79828
-0.75168
-0.71276
-0.6758
-0.67192
-0.68328
-0.68222
-0.87037
-0.85933
-0.95044
-0.94116
-1.0796
-0.97804
-0.94239
-0.98746
-1.0132
-1.015
-1.0041
-0.92852
-1.0089
-0.87141
-0.91927
-0.87255
-0.96517
-0.96864
-0.89019
-0.85626
-0.85322
-0.92473
-0.83083
-0.80318
-0.69847
-0.86893
-0.83478
-0.70424
-0.79499
-0.77301
-0.6903
-0.78279
-0.80851
-0.74946
-0.63815
-0.67695
-0.73718
-0.62897
-0.60622
-0.70876
-0.75201
-0.64101
-0.65087
-0.61783
-0.53694
-0.58745
-0.56222
-0.568
-0.45086
-0.52974
-0.43827
-0.47438
-0.55349
-0.45639
-0.47436
-0.48903
-0.47127
-0.12304
-0.13041
-0.33078
-0.56536
-0.55968
-0.66663
-0.66729
-0.71542
-0.72864
-0.75043
-0.81195
-0.76374
-0.74665
-0.65215
-0.62164
-0.67797
-0.6259
-0.77112
-0.7675
-0.63536
-0.64349
-0.60748
-0.65267
-0.67164
-0.67757
-0.69509
-0.68617
-0.81043
-0.9146
-0.93747
-0.93589
-0.99115
-0.87199
-0.77921
-0.70942
-0.64524
-0.61622
-0.50765
-0.68751
-0.6936
-0.83303
-1.0913
-1.0607
-1.0721
-1.0674
-0.87769
-0.82563
-0.84724
-0.80644
-0.77782
-0.80118
-0.8044
-0.91226
-0.84288
-0.90671
-1.0359
-0.91079
-0.92853
-1.0134
-0.99309
-0.92417
-0.72207
-0.70784
-0.68574
-0.66405
-0.77281
-0.81977
-0.69972
-0.80272
-0.81171
-0.95871
-0.98507
-0.86223
-0.80097
-0.77743
-0.74754
-0.77134
-0.83853
-0.74133
-0.6781
-0.72331
-0.71388
-0.71816
-0.81256
-0.84839
-0.87644
-0.95091
-0.92903
-0.85505
-0.81829
-0.88911
-0.92569
-0.83385
-0.76104
-0.79043
-0.76162
-0.80944
-0.81856
-0.73517
-0.76104
-0.82219
-0.79934
-0.79033
-0.82713
-0.77828
-0.73658
-0.78348
-0.75545
-0.66199
-0.77075
-0.58376
-0.56616
-0.70897
-0.91406
-1.1159
-1.2651
-1.5001
-1.4698
-1.3946
-1.1837
-1.0536
-1.1228
-1.1139
-1.1398
-1.1727
-1.0535
-0.96531
-0.91114
-0.84924
-0.87052
-0.78126
-0.85496
-0.85735
-0.7951
-0.80857
-0.76095
-0.73976
-0.66859
-0.80021
-0.83464
-0.93524
-1.0054
-0.90629
-1.0014
-0.90742
-0.85972
-0.88114
-0.72592
-0.67582
-0.56722
-0.65602
-0.62509
-0.6841
-0.6289
-0.51628
-0.46703
-0.5392
-0.49414
-0.56196
-0.61336
-0.61319
-1.3252
-1.4134
-1.3284
-1.2256
-1.051
-1.018
-1.1372
-1.0361
-1.1329
-1.2613
-1.1323
-1.1773
-1.0771
-1.0394
-1.0197
-1.0807
-1.0131
-0.94401
-1.078
-1.0574
-1.2326
-1.2281
-1.2274
-1.3598
-1.3162
-1.2878
-1.3713
-1.5433
-1.4982
-1.6237
-1.5517
-1.5108
-1.5326
-1.4143
-1.2875
-1.1275
-1.177
-1.16
-1.0744
-1.1097
-0.97479
-0.95055
-1.0121
-0.96026
-0.89089
-0.83857
-0.71154
-0.96103
-0.95678
-0.84633
-0.85766
-0.81295
-0.74411
-0.84355
-0.70387
-0.68904
-0.64413
-0.70769
-0.69417
-0.752
-0.6052
-0.53552
-0.53727
-0.45716
-0.42424
-0.37791
-0.39697
-0.75045
-1.0897
-1.0828
-1.1055
-1.2446
-1.3189
-1.3982
-1.6012
-1.3556
-1.317
-1.291
-1.1697
-1.0964
-1.1204
-1.1821
-1.1139
-1.0367
-1.0003
-1.1056
-1.0305
-0.95032
-0.9887
-1.1067
-1.1954
-1.1018
-1.0205
-0.9696
-1.0418
-1.0197
-1.056
-1.0101
-0.94945
-0.88539
-1.0717
-1.1223
-0.9774
-1.0415
-0.99339
-0.99106
-0.96223
-1.0518
-0.97486
-0.88845
-0.89821
-0.95782
-0.94056
-0.88053
-0.76676
-0.6997
-0.82359
-0.83624
-0.65058
-0.62491
-0.48033
-0.64577
-0.65774
-0.67087
-0.71395
-0.68632
-0.79558
-1.3284
-1.3341
-1.403
-1.4541
-1.4511
-1.4828
-1.5272
-1.4201
-1.3764
-1.3971
-1.3148
-1.3875
-1.3378
-1.1844
-1.2126
-1.1672
-1.2846
-1.3831
-1.1855
-1.2781
-1.1876
-1.1819
-1.1006
-1.1985
-0.92572
-0.98514
-1.2728
-1.2731
-1.2734
-1.164
-1.0872
-0.9652
-1.0611
-1.0821
-1.0629
-1.1932
-1.0216
-1.0084
-0.92566
-0.97653
-0.94495
-1.1867
-1.0561
-1.0128
-1.1293
-0.96919
-0.93762
-0.86022
-0.85514
-0.86909
-0.84268
-0.73566
-0.875
-1.0061
-0.94718
-0.84361
-0.82327
-0.81805
-0.71519
-0.85733
-0.79593
-0.95142
-1.0302
-0.87512
-0.8569
-0.87934
-0.94509
-0.61803
-0.76906
-0.67882
-0.90609
-1.0579
-0.8846
-0.83608
-0.94432
-0.85729
-0.76738
-0.84321
-0.90787
-1.021
-1.1499
-0.93129
-0.8278
-0.90551
-0.73665
-0.69083
-0.83272
-0.70392
-0.88453
-0.98231
-0.85196
-0.75404
-0.6569
-0.75242
-0.72309
-0.75977
-0.93609
-0.80013
-1.0615
-0.84519
-0.72992
-0.66068
-0.72117
-0.76988
-0.74086
-1.1292
-0.95425
-1.0952
-1.1184
-0.81176
-0.76057
-0.67399
-0.70497
-1.0073
-1.0068
-1.1336
-1.3458
-1.5218
-1.6373
-1.7619
-1.9111
-1.6222
-1.5267
-1.368
-1.2938
-1.3679
-1.2802
-1.1534
-1.1181
-1.1099
-0.98978
-0.98245
-0.91137
-1.069
-1.3801
-1.4946
-1.4597
-1.1831
-1.2611
-1.1503
-1.1244
-1.1466
-1.0612
-0.99748
-0.9754
-1.0639
-1.1458
-1.0631
-1.2073
-1.2896
-1.3103
-1.2642
-1.3602
-1.5142
-1.7486
-1.889
-1.8673
-1.8259
-1.9651
-1.8997
-1.8994
-1.7781
-1.7203
-1.7091
-1.6399
-1.6059
-1.5524
-1.6585
-1.632
-1.6088
-1.676
-1.5199
-1.4474
-1.508
-1.4862
-1.5124
-1.4896
-1.451
-1.43
-1.3334
-1.059
-1.0232
-1.1053
-1.1249
-1.225
-1.111
-1.1267
-1.1078
-1.0519
-1.0187
-1.0403
-1.1677
-1.1924
-1.1481
-1.1603
-0.97437
-0.85048
-0.84078
-0.80511
-0.65204
-0.5911
-0.50438
-0.48721
-0.65162
-0.44691
-0.42401
-0.3737
-0.41655
-0.51548
-0.43717
-0.50595
-0.61028
-0.62552
-0.69936
-0.71535
-0.73676
-0.72794
-0.70883
-0.63351
-0.55222
-0.56255
-0.54155
-0.49795
-0.50876
-0.5434
-0.54881
-0.51622
-0.42088
-0.50871
-0.48226
-0.60008
-0.50452
-0.47996
-0.43792
-0.45016
-0.43395
-0.48586
-0.44184
-0.49247
-0.49207
-0.47247
-0.49948
-0.48331
-0.48888
-0.49255
-0.55964
-0.57868
-0.63228
-0.5445
-0.61145
-0.65619
-0.65277
-0.6188
-0.64463
-0.61469
-0.70014
-0.66324
-0.5829
-0.54995
-0.51743
-0.61443
-0.61023
-0.59351
-0.6281
-0.58485
-0.55644
-0.557
-0.59303
-0.58059
-0.50403
-0.53907
-0.50307
-0.38541
-0.45668
-0.29066
-0.2848
-0.40232
-0.34709
-0.30795
-0.18405
-0.002246
0.0011076
-0.094225
-0.098107
-0.017533
-0.1891
-0.30394
-0.41372
-0.32453
-0.34144
-0.25969
-0.3458
-0.35752
-0.55664
-0.45696
-0.43988
-0.3487
-0.39064
-0.27826
-0.32738
-0.32635
-0.19207
-0.18032
-0.13544
-0.071487
-0.035565
-0.06422
-0.097336
-0.13602
-0.041022
-0.11113
0.0081697
-0.18042
-0.14239
-0.22298
-0.28013
-0.34558
-0.33689
-0.17224
-0.18182
-0.20506
-0.14383
-0.20892
-0.15712
-0.19722
-0.18369
-0.24521
-0.20377
-0.3543
-0.46217
-0.51666
-0.53596
-0.40697
-0.30154
-0.38986
-0.34684
-0.32271
-0.30892
-0.36063
-0.40006
-0.41556
-0.39756
-0.31689
-0.24301
-0.3207
-0.2934
-0.4094
-0.40458
-0.25357
-0.26441
-0.25998
-0.35543
-0.30003
-0.33248
-0.3819
-0.37843
-0.36148
-0.19066
-0.26063
-0.27877
-0.32288
-0.31944
-0.34766
-0.37463
-0.37307
-0.34583
-0.34652
-0.40723
-0.39686
-0.47486
-0.35211
-0.43048
-0.33829
-0.29662
-0.133
-0.31639
-0.083164
-0.24959
-0.27908
-0.32674
-0.27691
-0.21918
-0.18023
-0.23693
-0.17896
-0.11349
-0.19738
-0.14791
-0.12801
-0.2502
-0.19783
-0.21226
-0.16642
-0.23574
-0.27575
-0.2523
-0.30707
-0.51378
-0.50086
-0.40465
-0.39906
-0.35501
-0.3536
-0.3278
-0.30147
-0.29572
-0.31706
-0.27068
-0.33656
-0.32556
-0.32587
-0.39323
-0.29965
-0.26822
-0.26686
-0.25936
-0.28233
-0.26645
-0.37165
-0.52011
-0.74625
-1.0587
-1.3833
-1.4768
-1.5543
-1.3779
-1.2562
-1.1362
-1.1735
-1.0602
-1.0428
-1.0362
-1.1091
-1.0788
-1.0393
-1.052
-0.96879
-0.84906
-0.76603
-0.7189
-0.67288
-0.57458
-0.59514
-0.57312
-0.422
-0.46839
-0.427
-0.40686
-0.42707
-0.32364
-0.3574
-0.44499
-0.32353
-0.48577
-0.62072
-0.53375
-0.50842
-0.47314
-0.23961
-0.257
-0.30784
-0.30358
-0.40251
-0.32203
-0.45762
-0.37963
-0.42727
-0.43681
-0.48987
-0.53831
-0.4298
-0.3944
-0.32285
-0.28995
-0.3286
-0.37595
-0.42225
-0.45558
-0.59401
-0.62671
-0.68142
-0.71063
-0.70417
-0.83238
-0.8064
-0.92599
-0.81198
-0.98569
-1.0347
-0.96948
-1.0014
-0.91914
-0.87645
-0.84012
-0.71622
-0.68227
-0.62521
-0.92136
-0.80014
-0.88411
-0.9719
-0.85251
-0.89331
-0.91321
-0.95073
-0.95694
-1.0254
-0.99216
-1.1022
-1.0402
-0.90626
-1.0302
-1.2973
-1.3155
-1.3691
-1.2437
-1.3004
-1.4041
-1.4656
-1.5399
-1.5714
-1.5273
-1.5424
-1.6613
-1.6325
-1.6283
-1.5487
-1.3858
-1.3996
-1.475
-1.5213
-1.3819
-1.3838
-1.3502
-1.2276
-1.0894
-0.91241
-0.98379
-1.03
-0.93577
-0.94542
-0.96354
-1.0517
-0.97676
-0.98552
-0.96237
-1.0744
-1.1218
-1.2094
-1.2914
-1.2094
-1.2369
-1.1447
-1.0646
-0.96093
-0.89744
-0.89833
-0.76044
-0.83162
-0.83971
-0.88886
-0.88915
-0.8671
-0.91779
-0.91907
-1.0956
-1.1496
-1.2694
-1.2801
-1.3406
-1.3729
-1.2447
-1.1952
-1.187
-1.0685
-0.93887
-0.81553
-0.79285
-0.73617
-0.74115
-0.82677
-0.81647
-0.86329
-0.819
-0.92684
-1.0121
-1.106
-1.0773
-1.1711
-1.1605
-1.142
-0.94934
-0.83502
-0.89067
-0.90776
-0.86632
-0.80578
-0.69871
-0.80284
-0.76218
-0.77473
-0.71626
-0.82461
-0.84801
-1.0358
-1.0653
-1.2569
-1.2226
-1.1397
-0.96119
-0.85025
-0.90383
-0.88937
-0.88194
-0.80444
-0.82915
-0.79356
-0.72647
-0.58879
-0.74525
-0.68552
-0.82815
-0.95677
-1.0261
-1.1577
-1.1815
-1.301
-1.1888
-1.1648
-1.0238
-1.1673
-0.96531
-0.81927
-0.66325
-0.68796
-0.66979
-0.87191
-0.693
-0.84491
-0.877
-0.97925
-1.1447
-1.2085
-1.1668
-1.0766
-1.0811
-0.97681
-0.90205
-0.8708
-0.84433
-0.85513
-0.85086
-0.82908
-0.81139
-0.74855
-0.85922
-0.92313
-0.96023
-1.059
-0.96471
-0.9945
-1.1174
-1.163
-1.2348
-1.2023
-1.0901
-1.0133
-0.99364
-0.88013
-0.92722
-0.77176
-0.73399
-0.86675
-0.67453
-0.79277
-0.80426
-0.86865
-0.8024
-0.93417
-1.0932
-1.0585
-1.0176
-1.0051
-1.0547
-1.0038
-0.91061
-0.8224
-0.8196
-0.75305
-0.66856
-0.72313
-0.65028
-0.54356
-0.65493
-0.7849
-0.6915
-0.74819
-0.83009
-0.9114
-1.008
-1.0989
-0.99469
-0.96184
-1.0027
-0.94913
-0.85628
-0.8761
-0.75098
-0.74516
-0.7364
-0.53478
-0.652
-0.66868
-0.67562
-0.64281
-0.69104
-0.65999
-0.60976
-0.65225
-0.61178
-0.65506
-0.63767
-0.80437
-0.76098
-0.59554
-0.59087
-0.53083
-0.56182
-0.58148
-0.39246
-0.49017
-0.87537
-1.2877
-1.2734
-1.2315
-1.1591
-1.1329
-1.0536
-1.0849
-1.1851
-1.3291
-1.2622
-1.1966
-1.2662
-1.2064
-1.1568
-1.2367
-1.526
-1.5517
-1.4129
-1.2783
-1.2827
-1.1179
-1.2134
-1.1003
-1.0477
-0.88744
-0.96744
-1.0186
-1.1429
-1.1585
-1.5841
-1.372
-1.2957
-1.2151
-1.1562
-1.1872
-1.1957
-1.1016
-1.0838
-1.2518
-1.5341
-1.2947
-1.2472
-1.2512
-1.2114
-1.1599
-1.0866
-1.0232
-1.1114
-1.0723
-1.1276
-1.1509
-1.1243
-1.0419
-1.0072
-1.0092
-1.0369
-1.0306
-0.96307
-0.92649
-0.88118
-0.87824
-0.76838
-0.75335
-0.73232
-0.72417
-0.6837
-0.7224
-0.6141
-0.597
-0.59444
-0.45591
-0.3766
-0.42529
-0.38028
-0.35357
-0.39938
-0.35557
-0.3849
-0.29441
-0.33295
-0.2388
-0.29839
-0.22624
-0.10976
-0.1109
-0.17666
-0.18258
-0.12401
-0.17119
-0.12422
-0.051213
-0.10488
-0.035215
-0.11857
-0.10584
-0.13762
-0.16465
-0.12435
-0.15779
-0.11021
-0.02208
-0.09691
-0.14501
-0.1469
-0.14347
-0.087293
-0.15024
-0.10737
-0.072665
-0.082152
-0.014867
-0.14147
-0.096645
-0.13051
-0.031978
-0.063395
0.015583
0.003006
-0.01135
0.014644
0.027064
-0.073231
-0.0046878
-0.087057
-0.012192
-0.0019467
-0.064936
0.040716
0.020211
0.06207
0.067822
-0.02613
0.074588
0.056226
0.0065275
0.053364
0.024238
-0.043518
0.076359
0.039562
0.023114
0.0019759
0.02136
0.053449
0.053419
0.0054697
-0.042548
-0.15034
-0.12049
-0.16229
-0.10244
0.07607
0.001906
0.061871
0.061012
0.090049
0.028815
0.063377
0.0074309
0.062893
0.038158
-0.0093406
0.12459
0.15571
0.04418
0.02091
0.11331
0.10968
0.13393
0.056096
-0.0037907
0.018361
-0.021059
-0.033302
0.023808
0.031074
-0.034719
0.0055662
0.013476
0.0084683
0.0073999
-0.053904
0.0045295
0.027755
-0.0036731
0.063782
0.061646
0.073795
0.099847
0.086363
0.010716
-0.016132
-0.039685
-0.0014571
0.060122
0.045248
-0.0096264
-0.04254
-0.030894
-0.060227
-0.010897
-0.039268
0.0018692
-0.010478
0.079867
0.093165
0.021546
0.049891
0.045672
-0.0029341
-0.04868
0.048207
0.075571
0.022209
0.10551
0.073822
0.040203
-0.037289
-0.060916
0.07402
0.073478
-0.0076085
-0.045554
0.066404
0.011579
0.031723
0.002185
-0.052232
-0.054426
-0.14794
-0.093886
0.047921
-0.084359
-0.066384
-0.074191
-0.044831
-0.03306
-0.039701
-0.022198
0.036264
0.080428
0.0056714
-0.033352
-0.019762
0.024265
-0.065455
0.030742
-0.038972
-0.046459
-0.01803
-0.046075
-0.0069781
0.022547
0.025828
0.012132
0.027647
-0.052128
-0.045072
-0.059623
0.033684
0.0060659
-0.10504
-0.038263
0.047569
0.068307
-0.038334
0.023975
0.0093686
-0.014622
-0.0625
-0.090435
-0.085958
-0.068779
-0.078497
-0.095284
-0.042245
-0.10257
-0.15182
-0.065492
-0.16535
-0.091725
-0.18807
-0.23741
-0.4578
-0.41702
-0.47842
-0.52089
-0.46554
-0.48703
-0.45277
-0.34934
-0.33094
-0.33583
-0.26741
-0.36982
-0.42333
-0.37643
-0.36691
-0.36362
-0.26541
-0.33201
-0.3842
-0.37278
-0.48306
-0.50112
-0.51244
-0.49896
-0.51766
-0.4767
-0.45978
-0.38175
-0.31361
-0.32528
-0.4108
-0.37419
-0.30198
-0.29338
-0.23862
-0.24037
-0.25
-0.27051
-0.18646
-0.17102
-0.17713
-0.13392
-0.22795
-0.20941
-0.19749
-0.19618
-0.17187
-0.19155
-0.13842
-0.14053
-0.11824
-0.15903
-0.17463
-0.34114
-0.50536
-0.70759
-0.61916
-0.67718
-0.54722
-0.44969
-0.40204
-0.39568
-0.446
-0.42358
-0.49427
-0.48938
-0.5175
-0.44254
-0.52521
-0.45707
-0.52542
-0.50446
-0.47738
-0.45045
-0.47421
-0.49746
-1.109
-1.4139
-1.4613
-1.3401
-1.0179
-1.0414
-0.98363
-0.96952
-0.9486
-0.8153
-0.7507
-0.69259
-0.64978
-0.60724
-0.6236
-0.64613
-0.59594
-0.54419
-0.53903
-0.53698
-0.52599
-0.54866
-0.44679
-0.55862
-1.0818
-0.9397
-0.81158
-0.64517
-0.67059
-1.1205
-1.2595
-1.1354
-0.92381
-0.82421
-0.90553
-0.87243
-0.98725
-0.87135
-0.80702
-0.72234
-0.755
-0.71727
-0.72625
-0.6946
-0.64982
-0.51703
-0.48217
-0.49534
-0.6641
-0.58413
-0.5279
-0.60125
-0.78608
-0.87393
-0.78014
-0.96227
-0.75616
-0.98667
-0.98389
-0.91555
-0.87767
-0.86792
-0.67088
-0.86632
-0.76259
-0.72136
-0.68057
-0.76871
-0.83358
-0.89423
-0.90523
-0.86517
-0.79864
-0.84056
-0.83146
-0.92558
-0.88393
-0.83708
-0.83809
-0.7766
-0.78199
-0.69773
-0.67094
-0.63778
-0.71193
-0.77813
-0.78985
-0.61129
-0.47109
-0.43746
-0.58896
-0.69681
-0.67512
-0.5704
-0.69419
-0.81374
-1.2544
-1.3409
-1.3713
-1.286
-1.2629
-1.2003
-1.2668
-1.2839
-1.1633
-1.1379
-1.1479
-1.2057
-1.4182
-1.356
-1.3005
-1.263
-1.2229
-1.2252
-1.1679
-0.92707
-0.78823
-0.74459
-1.1321
-1.2234
-1.112
-1.1708
-1.1158
-1.0102
-0.97045
-0.9643
-1.0147
-0.85985
-0.99783
-0.89566
-1.0488
-1.0627
-0.93784
-0.98183
-0.94261
-0.98503
-0.89885
-0.76556
-0.74347
-0.78963
-0.86334
-0.83619
-0.95913
-1.0904
-0.94788
-0.87622
-0.93117
-0.81229
-0.94516
-0.86737
-0.80883
-0.84898
-0.84646
-0.93733
-0.90257
-0.93644
-0.96141
-1.288
-1.4573
-1.3478
-1.2475
-1.0945
-1.0561
-1.0172
-1.1433
-1.1857
-1.0322
-1.0332
-0.96234
-0.95087
-0.99354
-0.97889
-0.86372
-1.3098
-1.4083
-1.5137
-1.4777
-1.3838
-1.3614
-1.394
-1.2854
-1.2273
-1.1535
-1.2473
-1.4852
-1.4897
-1.3728
-1.3162
-1.3622
-1.3535
-1.2193
-1.1763
-1.251
-1.3909
-1.2846
-1.0072
-0.79699
-0.88245
-0.75773
-0.79535
-0.64044
-0.53271
-0.63815
-0.83407
-0.90497
-0.65759
-0.67083
-0.57661
-0.68752
-0.57119
-0.50935
-0.41228
-0.3958
-0.676
-0.73836
-0.51938
-0.35721
-0.41572
-0.52707
-0.49636
-0.43884
-0.35333
-0.35306
-0.59339
-0.69447
-0.52666
-0.43683
-0.34056
-0.39989
-0.28006
-0.19119
-0.25104
-0.26661
-0.58703
-0.68117
-0.38523
-0.22554
-0.27813
-0.23273
-0.34918
-0.24327
-0.1322
-0.24881
-0.44581
-0.62493
-0.49408
-0.3483
-0.38147
-0.34253
-0.33338
-0.2368
-0.17563
0.0086171
-0.12914
-0.36195
-0.4142
-0.35143
-0.07797
-0.27257
-0.3324
-0.32572
-0.26459
-0.16394
-0.19782
-0.29663
-0.4989
-0.5004
-0.32156
-0.29191
-0.30837
-0.39236
-0.45433
-0.2503
-0.13438
-0.25195
-0.48336
-0.64255
-0.38541
-0.26988
-0.32601
-0.35205
-0.32076
-0.33248
-0.23318
-0.34725
-0.48508
-0.99446
-0.90043
-1.2155
-1.3884
-1.2556
-1.1777
-1.1551
-1.2824
-1.2233
-1.2519
-1.3078
-1.4399
-1.536
-1.4809
-1.4308
-1.3295
-1.3856
-1.3518
-1.3192
-1.299
-1.2916
-1.2387
-1.1904
-1.3232
-1.3723
-1.389
-1.3663
-1.2809
-1.3322
-1.2724
-1.3804
-1.2412
-1.1679
-1.2284
-1.1283
-1.2901
-1.2243
-1.1939
-1.135
-1.0497
-1.1003
-1.1195
-1.0813
-0.97969
-0.76856
-0.724
-0.65427
-0.63391
-0.53487
-0.45386
-0.43306
-0.38448
-0.54497
-0.55692
-0.53047
-0.56467
-0.45069
-0.40982
-0.38274
-0.32571
-0.35044
-0.29855
-0.26856
-0.33462
-0.38388
-0.4992
-0.38971
-0.34322
-0.28531
-0.17274
-0.19696
-0.23202
-0.15808
-0.18029
-0.16597
-0.162
-0.14725
-0.21906
-0.22427
-0.19596
-0.14601
-0.19728
-0.18845
-0.081807
-0.12467
-0.089972
-0.08778
-0.14616
-0.12063
-0.1056
-0.14096
-0.080618
-0.14072
-0.10573
-0.15747
-0.1912
-0.15293
-0.060708
-0.075524
-0.10198
-0.060237
-0.093347
-0.056455
-0.19754
-0.071929
-0.090693
-0.084782
-0.16295
-0.16771
-0.12393
-0.15247
-0.10381
-0.10044
-0.16142
-0.2222
-0.10055
-0.18593
-0.1395
-0.12912
-0.087349
-0.058467
-0.066592
-0.082907
-0.011841
-0.045031
-0.040001
-0.027435
-0.025
-0.011974
0.071611
0.022845
-0.0088416
0.074585
0.014254
0.022787
0.064648
0.082304
0.012276
0.122
0.0045395
0.0044465
-0.0063973
-0.039468
-0.00037783
-0.051018
-0.11826
-0.084872
-0.060398
0.046643
-0.045255
-0.040894
-0.074909
-0.015388
-0.022083
-0.017524
0.0095691
0.0031746
-0.016232
-0.022218
0.030819
0.043076
-0.00024934
-0.0074059
0.0030354
-0.023866
0.012948
0.011463
0.023207
-0.067227
-0.025707
-0.12536
-0.0089322
-0.040204
-0.012395
-0.068965
-0.082174
-0.062562
-0.14427
-0.070363
-0.028273
-0.12379
-0.15669
-0.10936
-0.12213
-0.12062
-0.041696
0.0087921
0.023254
-0.083078
-0.10808
-0.10987
-0.048152
-0.044639
-0.079453
-0.087046
-0.13905
-0.22321
-0.21218
-0.09699
-0.073615
-0.14191
-0.081319
-0.073315
-0.025455
0.031715
-0.037337
-0.072955
0.0025384
-0.04566
-0.043942
-0.092231
-0.15881
-0.049633
-0.034719
-0.04132
-0.12619
-0.046865
-0.12421
-0.11014
-0.09337
-0.207
-0.11347
-0.13521
-0.098982
-0.097513
-0.088909
-0.1001
-0.058992
-0.057814
-0.14899
-0.091744
-0.20409
-0.11889
-0.21789
-0.16997
-0.086094
-0.13441
-0.049968
-0.11007
0.026793
0.010079
-0.06245
-0.0336
0.037887
0.021522
-0.021649
-0.0023806
-0.099011
-0.034146
-0.19581
-0.38479
-0.5885
-0.48259
-0.44353
-0.45932
-0.45298
-0.44748
-0.38828
-0.29123
-0.36044
-0.31598
-0.32297
-0.37666
-0.3368
-0.29007
-0.23759
-0.20442
-0.24725
-0.21018
-0.24876
-0.24702
-0.27884
-0.1819
-0.32613
-0.41633
-0.57348
-0.55759
-0.53317
-0.54082
-0.47095
-0.38563
-0.39846
-0.46919
-0.73509
-1.0177
-0.83549
-0.66987
-0.65601
-0.51961
-0.37341
-0.34193
-0.32864
-0.47062
-0.48903
-0.46151
-0.42731
-0.37373
-0.42481
-0.49955
-0.60601
-0.55936
-0.46152
-0.49016
-0.4627
-0.4291
-0.45991
-0.33416
-0.33116
-0.42534
-0.38362
-0.41031
-0.98469
-0.69711
-0.66918
-0.79175
-0.54204
-0.64607
-0.52141
-0.51467
-0.7684
-0.69885
-0.66375
-0.65671
-0.57064
-0.47579
-0.47839
-0.47839
-0.40307
-0.39054
-0.3922
-0.4416
-0.42089
-0.50251
-0.39652
-0.42074
-0.41742
-0.62329
-0.72273
-0.84678
-0.96565
-1.1175
-1.1888
-1.5087
-1.5947
-1.6378
-1.5634
-1.4794
-1.5047
-1.4696
-1.2105
-1.1308
-0.93026
-0.9763
-0.85583
-0.86813
-0.83833
-0.81842
-0.8347
-0.78152
-0.77864
-0.84299
-0.72817
-0.77201
-0.74542
-0.6902
-0.68126
-0.69123
-0.71571
-0.64486
-0.69256
-0.63919
-0.77823
-0.78937
-0.68644
-0.77464
-0.63555
-0.55412
-0.4491
-0.46201
-0.4577
-0.36222
-0.32617
-0.32715
-0.38506
-0.31511
-0.30703
-0.25767
-0.23215
-0.2759
-0.25766
-0.28144
-0.27206
-0.2591
-0.25901
-0.26011
-0.29192
-0.36159
-0.3966
-0.46303
-0.45264
-0.41539
-0.43271
-0.95082
-0.78025
-0.67695
-0.76943
-0.87753
-0.90397
-0.80678
-0.70354
-0.69451
-0.71774
-0.78252
-0.6557
-0.73761
-0.69245
-0.65123
-0.52557
-0.86606
-0.78276
-0.63579
-0.74851
-0.82904
-0.92696
-0.84641
-0.7699
-0.74891
-0.71918
-0.63061
-0.73419
-0.77708
-0.89243
-0.89714
-1.0437
-1.0772
-1.1538
-1.395
-1.5494
-1.6796
-1.6036
-1.2813
-1.2846
-1.2917
-1.279
-1.2647
-1.3234
-1.0963
-1.0917
-1.0055
-1.0428
-0.95549
-1.0925
-1.0508
-0.98943
-0.83625
-0.67152
-0.5193
-0.57293
-0.73444
-0.83405
-1.0706
-1.1188
-1.1064
-1.1368
-1.337
-1.3337
-1.27
-1.1196
-1.0729
-1.0605
-1.0892
-1.1461
-1.4071
-1.461
-1.4449
-1.1496
-1.1866
-1.0385
-1.0548
-1.1464
-0.97289
-0.9181
-1.0885
-1.0732
-0.90296
-0.88342
-1.1302
-1.0233
-0.94995
-0.90076
-0.91263
-0.98355
-0.92653
-0.96334
-0.98038
-0.98725
-0.85333
-0.79258
-0.80524
-0.89158
-0.90422
-0.97387
-0.88622
-0.98238
-0.84431
-0.83101
-0.79677
-0.77627
-0.75621
-0.69961
-0.65707
-0.62549
-0.58395
-0.44482
-0.45621
-0.33805
-0.066891
0.13648
0.37933
0.37372
0.41512
0.40756
0.29008
0.33179
0.22547
0.0094423
0.15175
-0.37544
-0.88704
-1.018
-0.97659
-0.73053
-0.65719
-0.6137
-0.4144
-0.36277
-0.48958
-0.41016
-0.30709
-0.30585
-0.3841
-0.39825
-0.44822
0.17065
0.46784
0.45796
0.5277
0.58846
0.48385
0.41748
0.3655
-0.052568
-0.056092
-0.10496
-0.52939
-0.79338
-0.89118
-0.84652
-0.7826
-0.62056
-0.58008
-0.5484
-0.5178
-0.42901
-0.37596
-0.4005
-0.44308
-0.44116
-0.35679
0.066142
0.34308
0.70574
0.65259
0.45185
0.31424
0.19405
-0.090524
0.034825
0.10763
-0.81066
-0.94147
-1.0028
-0.82226
-0.62841
-0.43671
-0.31277
-0.396
-0.31344
-0.19396
-0.25006
-0.18377
-0.22894
-0.17144
-0.073499
0.10935
0.2414
0.43885
0.45196
0.51621
0.50106
0.2286
0.3469
-0.086863
-0.21335
-0.21765
-0.43867
-0.55925
-0.70276
-0.68951
-0.77935
-0.57884
-0.30547
-0.42603
-0.34602
-0.31007
-0.40334
-0.44514
-0.37497
-0.50198
-0.10377
0.27228
0.42133
0.55843
0.56608
0.50874
0.28189
0.10215
-0.077269
-0.01835
-0.032667
-0.61406
-0.64957
-0.74717
-0.63535
-0.38422
-0.2861
-0.20776
-0.36165
-0.35291
-0.24674
-0.24276
-0.20567
-0.3324
-0.43657
-0.054102
0.26269
0.52256
0.57987
0.52685
0.44134
0.22561
0.20725
-0.047722
-0.070414
-0.12196
-0.45804
-0.73781
-0.87673
-1.0478
-0.85038
-0.74192
-0.57265
-0.44095
-0.45041
-0.34824
-0.34732
-0.26598
-0.23842
-0.30948
-0.29043
-0.33565
-0.20139
0.22879
0.30242
0.39121
0.41676
0.60641
0.47818
0.34992
0.25083
-0.086915
-0.092563
-0.12717
-0.52
-0.81568
-0.87802
-0.90611
-0.81211
-0.69987
-0.56201
-0.64145
-0.65738
-0.48457
-0.54879
-0.56855
-0.70156
-0.73104
-0.68526
-0.84757
-1.0776
-1.1642
-1.1394
-1.2719
-1.1913
-1.1731
-1.1579
-1.1177
-1.1127
-1.1382
-1.2417
-1.2763
-1.4162
-1.4487
-1.5439
-1.4706
-1.4052
-1.3657
-1.2226
-1.2429
-1.1887
-1.192
-1.1179
-1.0695
-1.0615
-1.1272
-1.1631
-1.1079
-1.0682
-1.076
-0.89972
-0.88286
-0.95474
-0.78968
-0.84233
-0.85152
-0.80875
-0.73724
-0.6158
-0.47203
-0.54887
-0.63467
-0.56415
-0.71598
-0.80993
-0.77368
-0.69184
-0.70792
-0.72431
-0.76608
-0.66424
-0.7673
-0.78076
-0.75895
-0.76329
-0.7434
-0.74905
-0.64618
-0.50655
-0.43063
-0.35602
-0.33371
-0.24223
-0.34393
-0.29007
-0.32597
-0.27492
-0.41889
-0.58785
-0.6935
-0.51092
-0.44189
-0.4429
-0.39062
-0.35284
-0.42188
-0.387
-0.42445
-0.38912
-0.57215
-0.54523
-0.56317
-0.61252
-0.62545
-0.48527
-0.44919
-0.52601
-0.43559
-0.43444
-0.48861
-0.45368
-0.47794
-0.4258
-0.30739
-0.39309
-0.35638
-0.42745
-0.36499
-0.255
-0.18008
-0.22881
-0.26373
-0.38561
-0.30589
-0.27431
-0.30527
-0.33607
-0.29493
-0.36617
-0.35187
-0.27508
-0.1903
-0.20947
-0.22589
-0.17344
-0.19695
-0.14397
0.011291
-0.21261
-0.42511
-0.67208
-0.63867
-0.59893
-0.46491
-0.29859
-0.31152
-0.27366
-0.34379
-0.31529
-0.45455
-0.43478
-0.51896
-0.57705
-0.46846
-0.49515
-0.46333
-0.49256
-0.5401
-0.49478
-0.5829
-0.51659
-0.43388
-0.42608
-0.40919
-0.31919
-0.34809
-0.39888
-0.50938
-0.64512
-0.56897
-0.52328
-0.37031
-0.35305
-0.33856
-0.31631
-0.30145
-0.19364
-0.18715
-0.2193
-0.24839
-0.58515
-0.30923
-0.33948
-0.23384
-0.2774
-0.2839
-0.22274
-0.048688
-0.088922
-0.10572
-0.016457
-0.047155
-0.19427
-0.16066
-0.095595
-0.12703
-0.15604
-0.2019
-0.19832
-0.2485
-0.211
-0.15914
-0.19491
-0.25357
-0.21385
-0.19479
-0.083999
-0.068592
-0.20048
-0.48201
-0.66562
-0.71481
-0.61978
-0.58869
-0.60055
-0.63263
-0.71267
-0.61563
-0.75202
-0.78558
-0.69315
-0.69447
-0.65843
-0.58031
-0.53383
-0.46312
-0.52422
-0.42321
-0.39143
-0.4806
-0.40939
-0.44738
-0.5022
-0.49439
-0.7098
-0.55371
-0.57417
-0.6935
-0.6091
-0.60598
-0.63959
-0.58568
-0.66051
-0.61127
-0.60764
-0.67724
-0.65569
-0.68063
-0.7066
-0.68955
-0.74827
-0.71865
-0.75116
-0.81059
-0.84513
-0.7689
-0.79124
-0.67416
-0.59046
-0.49746
-0.48547
-0.43445
-0.43342
-0.41606
-0.46108
-0.35217
-0.35909
-0.24563
-0.28992
-0.27654
-0.14454
-0.09236
-0.11909
-0.11398
-0.08748
-0.11349
-0.018026
0.059243
0.0039425
-0.078977
0.017812
-0.038246
0.0019619
-0.029356
-0.041832
-0.014082
-0.053779
-0.045333
0.040767
-0.028607
-0.044223
0.017446
-0.035007
0.04305
0.046525
0.010453
0.1049
-0.094959
0.030595
0.0043874
0.0055282
-0.037321
0.031081
-0.0032423
0.0364
-0.0041858
-0.04859
0.037175
-0.057733
0.0080563
-0.043143
-0.011791
-0.0063614
-0.016397
0.02513
0.05027
-0.09229
0.023409
0.079817
-0.046443
0.067801
0.018269
0.02949
0.0595
0.0047374
-0.00044648
0.021993
-0.054034
0.01521
0.080227
-0.11818
-0.02281
-0.00012834
-0.059801
0.012215
-0.081441
-0.062907
-0.00023323
-0.04539
-0.014365
0.0094043
0.013635
0.039448
0.061119
0.11203
-0.037076
0.037123
0.098239
0.095373
0.066102
0.070614
0.077491
0.080676
0.010081
0.035577
-0.040832
0.023431
0.021441
-0.080797
0.046199
0.11214
0.0098512
-0.040478
-0.016413
-0.045607
-0.26674
-0.83702
-0.77085
-0.55375
-0.48704
-0.41884
-0.30209
-0.14892
-0.1145
-0.18254
-0.034331
0.015772
0.081516
0.025652
-0.034913
-0.0042908
-0.020856
-0.045727
0.044192
-0.020396
0.036844
0.040544
0.024366
0.0058848
0.070878
-0.14636
-0.079516
0.027225
0.017736
0.0025582
-0.039256
-0.49686
-0.98109
-0.83893
-1.0539
-1.6185
-1.4469
-1.1627
-1.4924
-1.4225
-1.19
-1.0049
-0.84886
-0.81814
-0.82421
-0.65333
-0.62257
-0.50746
-0.46399
-0.414
-0.39325
-0.2824
-0.25907
-0.28783
-0.23827
-0.15556
-0.19491
-0.20631
-0.1825
-0.17072
-0.16771
-0.16819
-0.23562
-0.15025
-0.19907
-0.30877
-0.47093
-0.52569
-0.44927
-0.24163
-0.22644
-0.20336
-0.22796
-0.29952
-0.27946
-0.26521
-0.29205
-0.27083
-0.28441
-0.15706
-0.27572
-0.45432
-0.38175
-0.39018
-0.31408
-0.27817
-0.3769
-0.31932
-0.26798
-0.34465
-0.2226
-0.22932
-0.25661
-0.25311
-0.15152
-0.15939
-0.17168
-0.52991
-0.97898
-0.95177
-1.0669
-1.116
-1.1018
-1.123
-1.0254
-1.1167
-1.1401
-1.1238
-1.0387
-0.92809
-0.99886
-1.1844
-1.3204
-1.2942
-1.2203
-1.0424
-1.1996
-1.1399
-1.0634
-1.1148
-1.008
-1.0084
-0.76237
-0.74353
-0.68761
-0.61959
-0.67836
-0.60994
-0.60699
-0.66859
-0.95536
-1.1871
-0.99418
-0.92443
-0.90917
-0.99066
-0.87319
-0.83511
-0.83803
-0.87619
-0.84762
-0.86737
-0.84899
-0.75772
-0.91375
-0.93423
-0.8035
-0.82782
-0.78795
-0.7368
-0.80578
-0.78377
-0.80859
-0.99814
-0.93461
-0.97138
-0.96695
-0.87506
-0.8812
-0.79223
-0.84517
-0.85286
-0.79739
-0.79043
-0.83409
-0.90542
-0.79986
-0.80825
-0.83437
-0.80971
-0.68383
-0.70198
-0.67941
-0.54442
-0.64624
-0.61186
-0.61
-0.65236
-0.50592
-0.47737
-0.54864
-0.56761
-0.51617
-0.44208
-0.47845
-0.4848
-0.35066
-0.44624
-0.33173
-0.26682
-0.35795
-0.37364
-0.26738
-0.25099
-0.22051
-0.18643
-0.24916
-0.18686
-0.25001
-0.25931
-0.31949
-0.24819
-0.34214
-0.30557
-0.21673
-0.1905
-0.28328
-0.41825
-0.41089
-0.33053
-0.20856
-0.24904
-0.22531
-0.25988
-0.31463
-0.37549
-0.32393
-0.28142
-0.33927
-0.33409
-0.36751
-0.44792
-0.46272
-0.45807
-0.54139
-0.58897
-0.44135
-0.42186
-0.37901
-0.27613
-0.23997
-0.31771
-0.24403
-0.27149
-0.34023
-0.37779
-0.30987
-0.2748
-0.28939
-0.13542
-0.19469
-0.21957
-0.91037
-1.1601
-1.2687
-1.2312
-1.1088
-1.0387
-1.0731
-1.226
-1.3941
-1.3066
-1.3662
-1.388
-1.3674
-1.2962
-1.3928
-1.4064
-1.4424
-1.444
-1.4075
-1.2853
-1.1577
-1.1229
-0.96826
-0.75231
-0.95679
-1.0188
-1.0399
-1.001
-1.032
-0.98638
-1.0469
-1.2052
-1.1459
-1.1544
-1.159
-1.153
-1.1143
-1.1526
-0.97497
-0.85502
-0.80628
-0.76533
-0.78455
-0.81323
-0.8112
-0.77009
-0.80751
-0.83519
-0.89284
-0.8045
-0.94552
-1.0164
-0.88618
-0.87798
-0.88367
-0.88393
-0.97182
-1.0245
-0.65674
-0.37545
-0.17911
-0.44487
-0.69208
-0.79056
-0.74475
-0.64299
-0.61431
-0.66972
-0.59452
-0.6626
-0.8831
-0.92258
-0.78684
-0.81818
-0.80527
-0.71059
-0.7514
-0.6705
-0.4098
-0.042606
-0.046113
-0.47524
-0.59233
-0.6235
-0.67278
-0.67571
-0.65054
-0.57008
-0.64559
-0.53122
-0.52271
-0.54451
-0.60686
-0.69549
-0.7468
-0.70657
-0.6366
-0.44621
-0.53237
-0.29752
-0.099038
0.056162
-0.194
-0.5948
-0.61128
-0.57596
-0.58888
-0.60675
-0.57922
-0.68358
-0.75436
-0.71824
-0.90157
-0.96596
-0.89236
-0.73786
-0.76879
-0.75367
-0.75027
-0.73616
-0.75003
-0.81389
-0.78487
-0.82517
-0.81106
-0.89827
-1.1534
-1.0703
-1.0277
-1.0027
-0.9344
-0.86333
-0.90345
-0.98217
-0.89044
-0.76969
-0.86714
-0.91316
-0.90427
-0.85516
-0.87061
-0.85418
-0.83098
-0.80932
-0.80056
-0.72427
-0.72348
-0.68568
-0.62473
-0.69084
-0.66391
-0.6087
-0.58385
-0.6149
-0.6371
-0.70359
-0.53408
-0.45799
-0.46382
-0.46014
-0.44842
-0.41467
-0.35922
-0.31276
-0.27877
-0.11654
-0.16209
-0.18833
-0.12369
-0.16069
-0.31502
-0.40344
-0.40766
-0.52984
-0.389
-0.39027
-0.42422
-0.52994
-0.54274
-0.54583
-0.57269
-0.58343
-0.47864
-0.54126
-0.56619
-0.60966
-0.56961
-0.54224
-0.57913
-0.55475
-0.49483
-0.53954
-0.48698
-0.45992
-0.48922
-0.44851
-0.45126
-0.51395
-0.48804
-0.44942
-0.5028
-0.49831
-0.51356
-0.53268
-0.48437
-0.51382
-0.4571
-0.56011
-0.53391
-0.43258
-0.49442
-0.47767
-0.50115
-0.4503
-0.49436
-0.53328
-0.52984
-0.4645
-0.48981
-0.5093
-0.52666
-0.53373
-0.53222
-0.53219
-0.54708
-0.49025
-0.58742
-0.54308
-0.48947
-0.42897
-0.45078
-0.40392
-0.32422
-0.27565
-0.2827
-0.26387
-0.28807
-0.35095
-0.3896
-0.33227
-0.42488
-0.42706
-0.40717
-0.35965
-0.34314
-0.33911
-0.27789
-0.096828
-0.20415
-0.3886
-0.41082
-0.31971
-0.34016
-0.44094
-0.30327
-0.25153
-0.29198
-0.21668
-0.32196
-0.31056
-0.18867
-0.23809
-0.18651
-0.31768
-0.34188
-0.27937
-0.35088
-0.35111
-0.37451
-0.4046
-0.5214
-0.57864
-0.49842
-0.45656
-0.41513
-0.44334
-0.49169
-0.42269
-0.54444
-0.43374
-0.41587
-0.44291
-0.45457
-0.46193
-0.55909
-0.42162
-0.41814
-0.41032
-0.41836
-0.4169
-0.46201
-0.40814
-0.46226
-0.45315
-0.39023
-0.31087
-0.37668
-0.33573
-0.30754
-0.26727
-0.25421
-0.27002
-0.26482
-0.15288
-0.21965
-0.23257
-0.25486
-0.19869
-0.25679
-0.23573
-0.28435
-0.42656
-0.34812
-0.37536
-0.3765
-0.33456
-0.31908
-0.35971
-0.26678
-0.23883
-0.23518
-0.28771
-0.29457
-0.24456
-0.305
-0.26746
-0.34386
-0.26145
-0.23655
-0.21628
-0.26709
-0.29054
-0.2717
-0.34557
-0.30827
-0.30367
-0.31233
-0.30236
-0.35453
-0.23742
-0.21469
-0.2468
-0.26009
-0.23468
-0.21653
-0.24564
-0.2478
-0.21513
-0.16752
-0.22347
-0.24693
-0.23062
-0.22902
-0.17376
-0.24912
-0.20749
-0.22756
-0.10361
-0.47208
-0.57491
-0.66545
-0.70311
-0.66612
-0.69458
-0.57306
-0.48669
-0.37177
-0.39137
-0.34435
-0.28112
-0.19841
-0.28192
-0.25107
-0.24497
-0.32065
-0.2558
-0.22224
-0.31813
-0.26154
-0.25013
-0.25538
-0.25909
-0.25774
-0.17463
-0.12998
-0.16355
-0.26001
-0.37835
-0.28892
-0.35612
-0.40198
-0.30657
-0.32121
-0.34034
-0.54399
-1.0224
-1.1191
-1.2503
-1.2239
-1.2783
-1.2816
-1.4198
-1.4765
-1.3773
-1.4541
-1.3097
-1.3172
-1.2548
-1.0829
-1.5426
-1.4618
-1.1562
-1.1044
-1.032
-1.1154
-1.0306
-0.94154
-0.88989
-0.94586
-0.89685
-0.86221
-0.87408
-0.78072
-0.79386
-0.77867
-0.67167
-0.72415
-0.7441
-0.68505
-0.65024
-0.66446
-0.53108
-0.53801
-0.51298
-0.65922
-0.64002
-0.60172
-0.55292
-0.40499
-0.43252
-0.40897
-0.49437
-0.44406
-0.42103
-0.2962
-0.34861
-0.39044
-0.43248
-0.44674
-0.4649
-0.51306
-0.56225
-0.74256
-0.73767
-0.72004
-0.80955
-0.65695
-0.67492
-0.64184
-0.72717
-0.65325
-0.77462
-0.82196
-0.93533
-0.76242
-0.7995
-0.91238
-0.87642
-0.89578
-0.92507
-1.081
-1.4782
-1.2975
-1.1584
-1.145
-1.3161
-1.3428
-1.4576
-1.4237
-1.3037
-1.4601
-1.3293
-1.4121
-1.4685
-1.4982
-1.4598
-1.5504
-1.5037
-1.4479
-1.3957
-1.372
-1.2988
-1.1113
-1.167
-1.1996
-1.1754
-1.2967
-1.1934
-1.2271
-1.2682
-1.2081
-1.3118
-1.3697
-1.5144
-1.5844
-1.5906
-1.4825
-1.3523
-1.2812
-1.3707
-1.3787
-1.2986
-1.3993
-1.3887
-1.3454
-1.2151
-1.1865
-1.1769
-1.0975
-1.0665
-1.0282
-1.1672
-1.148
-0.97478
-1.0729
-1.3006
-1.0222
-1.2171
-1.1846
-1.2016
-1.307
-1.5436
-1.7174
-1.6497
-1.426
-1.2626
-1.2539
-1.3443
-1.3424
-1.2416
-1.363
-1.3574
-1.363
-1.3639
-1.3772
-1.3351
-1.3397
-1.414
-1.311
-1.371
-1.4018
-1.4253
-1.2819
-1.405
-1.3698
-1.2674
-1.2988
-1.1342
-1.0861
-1.2817
-1.4115
-1.3776
-1.2863
-1.4099
-1.2254
-1.2365
-1.2501
-1.2834
-1.2604
-1.4774
-1.4329
-1.4827
-1.4487
-1.4404
-1.3995
-1.3616
-1.4128
-1.4975
-1.4534
-1.4154
-1.3488
-1.2235
-1.1775
-1.1081
-1.0519
-1.1689
-1.1593
-1.377
-1.5063
-1.556
-1.5223
-1.4272
-1.5284
-1.4363
-1.4818
-1.3254
-1.367
-1.3642
-1.347
-1.4228
-1.3571
-1.2809
-1.3336
-1.2658
-1.2547
-1.2173
-1.0975
-1.1092
-1.1063
-1.2243
-1.1658
-1.0973
-1.2438
-1.1586
-1.1188
-1.0333
-1.0152
-1.0864
-1.0301
-0.92773
-0.96032
-0.96062
-0.93041
-0.98041
-0.93638
-1.0639
-0.84643
-0.90534
-0.80119
-0.81282
-0.7117
-0.82127
-0.80991
-0.78683
-0.76912
-0.83327
-0.74106
-0.68015
-0.65671
-0.60773
-0.55602
-0.57269
-0.53737
-0.53096
-0.49199
-0.53466
-0.51407
-0.48152
-0.60905
-0.55355
-0.56813
-0.5524
-0.62294
-0.63161
-0.62497
-0.62601
-0.66551
-0.64194
-0.65351
-0.75509
-0.69518
-0.56049
-0.57823
-0.54626
-0.51711
-0.58343
-0.60167
-0.60346
-0.56082
-0.59236
-0.54078
-0.50063
-0.59472
-0.59964
-0.54676
-0.49663
-0.47821
-0.46049
-0.62361
-0.46096
-0.51174
-0.4129
-0.37542
-0.51093
-0.50563
-0.57559
-0.53395
-0.6643
-0.61529
-0.52908
-0.45602
-0.43027
-0.33402
-0.31827
-0.30243
-0.27303
-0.23574
-0.25691
-0.29449
-0.36327
-0.43015
-0.34855
-0.34619
-0.30104
-0.20032
-0.21877
-0.29513
-0.27458
-0.35759
-0.24387
-0.18964
-0.25323
-0.2476
-0.21547
-0.18803
-0.21393
-0.27979
-0.2395
-0.24379
-0.19816
-0.20556
-0.27199
-0.2527
-0.33111
-0.30762
-0.27961
-0.24313
-0.23621
-0.24623
-0.26855
-0.15098
-0.12532
-0.18665
-0.1988
-0.25292
-0.20073
-0.14141
-0.19447
-0.22801
-0.22191
-0.1567
-0.19576
-0.20666
-0.16823
-0.17666
-0.14938
-0.24014
-0.2198
-0.13273
-0.2334
-0.17549
-0.13429
-0.2024
-0.17687
-0.24147
-0.26473
-0.23395
-0.29226
-0.34244
-0.32956
-0.26857
-0.22297
-0.29582
-0.29067
-0.29233
-0.28016
-0.31423
-0.28402
-0.26041
-0.26205
-0.20738
-0.14249
-0.18285
-0.26084
-0.27598
-0.18123
-0.29791
-0.2014
-0.19217
-0.27842
-0.38957
-0.26743
-0.22217
-0.20404
-0.22949
-0.25157
-0.13075
-0.12872
-0.26364
-0.1996
-0.21219
-0.30803
-0.24301
-0.23011
-0.23713
-0.20009
-0.10158
-0.21036
-0.16738
-0.16952
-0.22731
-0.239
-0.18511
-0.22171
-0.297
-0.26956
-0.23381
-0.30895
-0.23783
-0.24688
-0.28702
-0.24938
-0.27864
-0.23795
-0.18683
-0.2956
-0.35732
-0.21836
-0.24604
-0.22877
-0.23308
-0.19432
-0.11334
-0.15387
-0.14866
-0.086265
-0.14642
-0.18287
-0.16952
-0.18391
-0.26006
-0.18828
-0.22632
-0.29917
-0.42341
-0.41422
-0.47908
-0.55072
-0.46342
-0.45143
-0.29263
-0.28188
-0.37016
-0.46612
-0.55099
-0.3846
-0.2242
-0.22818
-0.22279
-0.20381
-0.30711
-0.24885
-0.22907
-0.25731
-0.21834
-0.25976
-0.32487
-0.3494
-0.32784
-0.23181
-0.20229
-0.3008
-0.22941
-0.16813
-0.1352
-0.19198
-0.30669
-0.17721
-0.8557
-1.1524
-1.1361
-1.0753
-0.91971
-0.77298
-0.72546
-0.71566
-0.63249
-0.57397
-0.63995
-0.74773
-0.7249
-0.52666
-0.52952
-0.58645
-0.87072
-1.0818
-1.1631
-1.268
-1.2368
-1.1153
-1.0091
-1.0274
-0.97089
-0.97876
-0.82424
-0.65996
-0.68728
-0.70217
-0.68356
-0.64379
-0.65506
-0.61766
-0.63463
-0.59471
-0.58385
-0.89336
-1.1586
-1.3406
-1.519
-1.3871
-1.3141
-1.1598
-1.058
-1.0313
-1.0526
-1.1187
-1.201
-1.2034
-1.1006
-0.93015
-0.87532
-0.83281
-0.66913
-0.76388
-0.81439
-0.95252
-0.85291
-0.84239
-0.74133
-0.68472
-0.76465
-0.80094
-0.81633
-0.78308
-0.69546
-0.70562
-0.73652
-0.68785
-0.53568
-0.5481
-0.57505
-0.57074
-0.4215
-0.45072
-0.50703
-0.3823
-0.40869
-0.40966
-0.47395
-0.42258
-0.36615
-0.44127
-0.37199
-0.36799
-0.41581
-0.41618
-0.33796
-0.39544
-0.38923
-0.35528
-0.51943
-0.42897
-0.40115
-0.44565
-0.39383
-0.37254
-0.34068
-0.38646
-0.32114
-0.41652
-0.34368
-0.39942
-0.44466
-0.34725
-0.32872
-0.2428
-0.29683
-0.25364
-0.33028
-0.33064
-0.30073
-0.33005
-0.37131
-0.25502
-0.29866
-0.33055
-0.30659
-0.35165
-0.30448
-0.29863
-0.2039
-0.25391
-0.31469
-0.2722
-0.28611
-0.32654
-0.25718
-0.32089
-0.31858
-0.32537
-0.41305
-0.52717
-0.46013
-0.43779
-0.50421
-0.42976
-0.33091
-0.33617
-0.35439
-0.3499
-0.31783
-0.34503
-0.45798
-0.90957
-1.1469
-1.2266
-1.2096
-1.0825
-0.87858
-0.94681
-0.90797
-0.96337
-0.90447
-0.84023
-0.85113
-0.87882
-1.0163
-1.0534
-1.019
-0.90944
-0.90615
-0.85921
-0.85115
-0.87896
-0.9014
-0.9673
-1.0135
-1.0155
-0.95078
-0.79784
-0.8807
-0.87036
-0.81391
-0.87974
-0.80115
-0.75744
-0.82545
-0.80686
-1.0626
-1.1837
-1.1677
-1.1055
-1.0669
-1.1388
-1.0384
-0.9952
-1.1348
-1.0484
-1.0197
-1.0597
-0.96256
-1.0318
-1.0471
-0.94756
-1.0524
-1.0182
-0.98863
-0.9768
-0.89484
-0.86999
-0.81199
-0.81266
-0.83999
-0.81849
-1.1734
-1.2259
-1.1159
-0.97472
-1.1276
-1.2308
-1.414
-1.4281
-1.3497
-1.3283
-0.97293
-1.0535
-1.0464
-0.96095
-0.90252
-0.97411
-1.0055
-0.92423
-0.92407
-1.0428
-0.9117
-0.82562
-0.95552
-0.86279
-0.85774
-0.90117
-0.93025
-0.8791
-0.94125
-0.82028
-0.81671
-0.76793
-0.68861
-0.71161
-0.66914
-0.76501
-0.7713
-0.7689
-1.1718
-1.4956
-1.531
-1.3328
-1.3798
-1.4556
-1.5332
-1.5192
-1.4471
-1.1894
-1.0337
-1.045
-1.1363
-1.0052
-0.93303
-0.98537
-0.90435
-0.89684
-0.99571
-0.99796
-0.85048
-0.94793
-0.94645
-0.96308
-0.96009
-0.89625
-1.0326
-0.89925
-0.89268
-0.9135
-0.80821
-0.94358
-0.7544
-0.71376
-0.65758
-0.64543
-0.83843
-0.77354
-0.86527
-1.0022
-1.0754
-1.5645
-1.6926
-1.5572
-1.3838
-1.4091
-1.5381
-1.5974
-1.5032
-1.4583
-1.4063
-1.041
-1.0983
-1.0309
-0.88241
-0.94519
-0.92704
-0.97289
-0.91835
-0.94025
-0.86337
-0.89656
-0.85517
-0.78794
-0.91427
-0.77611
-0.7624
-0.8443
-0.73219
-0.69374
-0.84772
-0.7598
-0.81332
-0.73055
-0.73426
-0.6859
-0.6631
-0.70458
-0.79676
-0.85247
-0.99651
-1.0744
-1.0712
-1.2556
-1.4347
-1.4641
-1.2911
-1.2553
-1.3671
-1.3589
-1.3587
-1.3789
-1.3455
-1.4506
-1.4664
-1.5438
-1.3697
-1.3285
-1.3484
-1.3112
-1.2085
-1.3046
-1.0929
-0.96224
-0.9539
-0.86132
-0.88894
-0.82426
-0.82892
-0.87188
-0.88182
-0.85031
-0.86332
-0.7766
-0.76466
-0.72312
-0.69631
-0.58243
-0.50809
-0.51152
-0.47265
-0.40623
-0.35362
-0.32657
-0.41406
-0.1818
-0.17046
-0.23448
-0.27064
-0.20791
-0.256
-0.35674
-0.46153
-0.38286
-0.46474
-0.47572
-0.40753
-0.36991
-0.41448
-0.28944
-0.31804
-0.1676
-0.22012
-0.39836
-0.41921
-0.32382
-0.25551
-0.351
-0.37015
-0.43794
-0.42373
-0.51566
-0.45341
-0.42051
-0.39625
-0.27448
-0.25809
-0.12421
-0.21792
-0.31108
-0.38625
-0.26276
-0.32581
-0.29404
-0.36087
-0.27902
-0.27788
-0.23392
-0.27266
-0.20989
-0.23477
-0.26737
-0.31906
-0.37145
-0.51173
-0.48891
-0.50581
-0.46256
-0.38962
-0.43908
-0.39595
-0.32679
-0.33011
-0.24201
-0.19967
-0.16096
-0.12145
-0.064719
-0.10408
-0.34244
-0.40602
-0.43025
-0.26738
-0.25614
-0.28341
-0.18207
-0.21174
-0.1357
-0.25141
-0.29512
-0.46267
-0.42663
-0.72011
-0.84714
-0.76964
-0.65572
-0.67579
-0.60263
-0.58937
-0.51596
-0.57241
-0.54231
-0.5476
-0.56914
-0.59844
-0.61534
-0.52424
-0.45759
-0.47184
-0.4462
-0.45996
-0.51297
-0.45577
-0.47187
-0.43863
-0.34672
-0.43665
-0.44914
-0.47003
-0.49188
-0.50798
-0.61046
-0.72432
-0.68276
-0.64153
-0.62021
-0.71302
-0.67734
-0.66528
-0.52118
-0.51162
-0.53113
-0.53684
-0.52004
-0.53024
-0.50467
-0.49289
-0.46919
-0.41122
-0.42562
-0.35743
-0.41289
-0.48621
-0.43273
-0.50291
-0.55172
-0.37715
-0.37635
-0.36144
-0.4051
-0.39483
-0.38474
-0.42337
-0.43794
-0.4911
-0.4569
-0.46615
-0.44175
-0.53887
-0.48086
-0.42991
-0.44286
-0.46553
-0.53187
-0.48052
-0.43124
-0.37749
-0.37085
-0.38652
-0.40773
-0.34279
-0.47308
-0.3971
-0.46832
-0.42495
-0.45298
-0.40399
-0.37913
-0.42282
-0.45909
-0.41759
-0.40569
-0.46206
-0.34447
-0.39288
-0.3379
-0.31844
-0.40457
-0.40376
-0.42943
-0.38347
-0.43518
-0.52776
-0.50342
-0.42123
-0.49485
-0.52432
-0.42599
-0.4189
-0.43952
-0.46145
-0.53253
-0.54014
-0.59175
-0.59395
-0.5969
-0.65404
-0.80755
-0.77782
-0.7871
-0.7352
-0.68105
-0.63291
-0.71613
-0.74194
-0.70422
-0.77766
-0.76437
-0.75348
-0.76391
-0.79601
-0.7833
-0.7444
-0.76323
-0.77328
-0.7212
-0.82747
-0.82882
-0.67451
-0.81012
-0.73988
-0.56816
-0.6059
-0.66035
-0.57064
-0.57807
-0.58389
-0.58877
-0.5488
-0.5169
-0.50442
-0.5244
-0.46617
-0.45136
-0.71899
-0.73513
-0.78793
-0.82008
-0.87394
-0.9123
-0.88933
-0.91821
-0.85602
-0.79166
-0.75691
-0.70742
-0.75873
-0.91904
-0.81538
-0.8023
-0.88312
-0.80295
-0.72386
-0.68225
-0.60237
-0.57115
-0.4647
-0.40609
-0.3286
-0.35103
-0.44034
-0.55214
-0.61647
-0.67112
-0.72648
-0.76081
-0.72499
-0.7231
-0.70881
-0.71437
-0.74379
-0.83477
-0.82819
-0.95137
-0.94749
-0.9674
-0.96591
-1.0188
-0.84144
-0.797
-0.70315
-0.70216
-0.61536
-0.57724
-0.57923
-0.52626
-0.43755
-0.46752
-0.49394
-0.47829
-0.5357
-0.69622
-0.83179
-0.79551
-0.90064
-0.72007
-0.77073
-0.74276
-0.8225
-0.87228
-0.95883
-1.0279
-1.0976
-1.0253
-0.86191
-1.0894
-0.99135
-0.93573
-1.1886
-1.0043
-0.96738
-0.78929
-0.78137
-0.84416
-0.90973
-0.85988
-0.73647
-0.86259
-0.78993
-0.72992
-0.63415
-0.81697
-1.2833
-1.5889
-1.4521
-1.4345
-1.345
-1.2313
-1.2928
-1.3729
-1.3283
-1.2451
-1.1424
-1.1166
-1.13
-1.114
-0.87441
-0.92871
-0.92479
-0.9003
-1.1545
-1.2753
-1.2853
-1.2604
-1.2809
-1.268
-1.3665
-1.2871
-1.3024
-1.2795
-1.3783
-1.2785
-1.3326
-1.2622
-1.1658
-1.196
-1.2757
-1.5651
-1.4445
-1.3149
-1.3319
-1.2511
-1.2211
-1.1626
-1.2043
-1.2118
-1.2772
-1.3445
-1.3182
-1.3462
-1.0478
-0.94539
-0.925
-0.86521
-0.70609
-0.77572
-0.77199
-0.75119
-0.73733
-0.79326
-0.70045
-0.78235
-0.81819
-0.91162
-1.0853
-1.18
-1.0161
-1.0848
-1.1054
-1.0362
-1.0449
-0.91998
-0.8296
-0.89411
-0.77965
-0.72229
-0.66763
-0.62334
-0.59617
-0.6901
-0.7461
-0.61067
-0.47213
-0.34263
-0.34772
-0.36915
-0.38555
-0.37754
-0.34511
-0.69149
-0.39279
-0.54777
-0.92036
-1.716
-1.4374
-1.3285
-1.2377
-1.1397
-1.0394
-1.07
-1.1503
-1.0743
-1.1056
-1.1061
-1.01
-0.61665
-0.47226
-1.0827
-1.2696
-1.2316
-1.3187
-1.2836
-1.1575
-1.0997
-1.0556
-1.0505
-1.0071
-1.0574
-1.0844
-1.0786
-0.8873
-0.46714
-0.73128
-1.215
-1.187
-1.1777
-1.1796
-1.156
-1.1044
-0.99912
-0.99435
-1.0277
-0.9997
-1.0243
-0.74179
-0.58469
-0.58717
-1.15
-1.2081
-1.2748
-1.2511
-1.2152
-1.0933
-1.1128
-1.04
-1.0681
-0.97511
-1.0601
-0.9411
-0.71802
-0.50986
-0.86361
-1.3455
-1.2546
-1.1995
-1.1878
-1.1929
-0.99821
-0.9676
-1.0385
-1.1037
-0.87731
-0.92837
-0.96476
-0.68382
-0.32969
-0.70901
-1.1519
-1.0424
-1.0454
-1.0863
-1.1173
-0.89095
-1.0496
-0.9796
-0.99011
-0.97208
-0.96992
-0.8456
-0.46334
-0.41364
-1.1392
-1.2816
-1.2131
-1.3008
-1.3112
-1.1666
-1.0799
-1.1168
-1.1323
-1.0987
-1.1551
-1.0184
-0.87082
-0.53967
-0.44905
-1.0531
-1.0908
-1.1417
-1.1132
-1.1356
-1.0516
-1.0564
-1.1353
-1.1813
-1.0678
-1.102
-0.92217
-0.76949
-0.55488
-0.36769
-1.0357
-1.1589
-1.0963
-1.1088
-1.0909
-1.0743
-0.94018
-0.98652
-0.95977
-0.99449
-1.1638
-1.0429
-0.83781
-0.49947
-0.46192
-1.0391
-1.1925
-1.1715
-1.1099
-1.1989
-1.0445
-0.95184
-0.99627
-0.9798
-0.87856
-0.9039
-0.78836
-0.53364
-0.33732
-0.71131
-1.058
-1.0175
-1.0046
-0.99807
-0.97262
-0.78038
-0.78196
-0.84072
-0.82336
-0.82099
-0.76332
-0.62271
-0.3295
-0.16647
-0.4346
-0.96071
-0.96114
-0.96423
-0.93187
-0.99525
-0.88428
-0.82732
-0.72508
-0.81346
-0.76955
-0.83659
-0.67893
-0.39188
-0.2753
-0.55844
-1.0717
-1.0262
-1.0414
-1.1729
-1.1887
-1.061
-1.0195
-1.0933
-1.046
-0.89152
-0.87847
-0.85626
-0.61051
-0.29956
-0.37699
-1.0427
-1.0994
-1.0637
-1.0979
-1.1586
-0.99077
-0.91084
-0.96002
-0.88304
-0.79831
-0.88341
-0.76448
-0.64883
-0.43992
-0.5313
-1.0289
-1.0609
-1.0614
-1.1071
-1.013
-0.97294
-0.98265
-0.93278
-1.0162
-0.96525
-0.98899
-0.83128
-0.59512
-0.50174
-0.7693
-1.1804
-1.0705
-1.1275
-1.0636
-1.031
-0.88158
-0.93537
-0.82805
-0.85149
-0.91537
-1.0255
-0.83664
-0.56416
-0.41291
-0.61145
-1.0961
-1.0432
-1.1829
-1.1695
-1.2855
-1.0903
-1.0371
-0.96695
-0.93478
-0.92733
-0.99394
-0.99875
-0.60507
-0.50333
-0.79578
-1.2367
-1.1895
-1.1805
-1.2097
-1.1402
-1.0255
-1.0676
-1.0436
-1.0415
-0.95965
-0.97709
-0.70961
-0.56374
-0.59672
-1.145
-1.179
-1.2587
-1.1962
-1.1951
-1.0277
-1.0488
-0.96518
-1.0191
-0.97875
-1.0983
-1.2179
-1.1408
-1.0065
-0.95216
-1.3413
-1.6605
-1.4684
-1.3633
-1.2651
-1.1738
-1.1334
-1.0815
-0.99267
-1.078
-0.98143
-1.0256
-1.0148
-0.73171
-0.40995
-0.35989
-0.98612
-1.2222
-1.054
-1.1181
-1.1555
-1.1019
-0.96894
-0.95745
-0.89911
-0.95983
-1.0221
-0.86765
-0.67302
-0.47586
-0.31009
-0.8862
-1.1217
-1.1202
-1.1557
-1.031
-1.0127
-0.88172
-0.92003
-0.8812
-0.91005
-0.92313
-0.92365
-0.82157
-0.53506
-0.57387
-1.1027
-1.1587
-1.1908
-1.2389
-1.171
-0.9752
-0.98764
-0.92801
-0.98432
-0.96426
-1.0499
-0.92097
-0.75159
-0.41595
-0.42626
-0.93935
-1.0389
-0.98169
-1.1681
-1.0583
-0.98349
-0.95496
-0.8788
-0.93078
-0.95336
-0.98387
-0.93505
-0.70655
-0.36653
-0.53996
-1.0667
-1.1165
-1.0501
-1.1243
-1.1007
-0.96112
-0.92414
-0.8675
-0.89276
-0.85641
-0.95418
-0.89424
-0.60109
-0.41074
-0.54955
-1.0674
-1.1179
-1.1175
-1.1463
-1.1544
-1.0132
-0.999
-0.97132
-0.96582
-0.92224
-0.94001
-0.87351
-0.69854
-0.46277
-0.41254
-0.64601
-1.1076
-1.03
-1.1577
-1.0876
-1.1192
-1.0115
-1.0599
-1.0446
-0.91348
-0.98606
-1.1113
-1.0126
-0.7634
-0.5248
-0.52957
-1.0514
-1.0966
-1.1176
-1.1121
-1.0934
-0.87049
-0.88507
-0.89918
-0.89594
-0.93958
-0.89347
-0.9498
-0.68645
-0.36973
-0.41028
-1.1488
-1.2336
-1.0702
-1.096
-1.1071
-0.9295
-0.95941
-0.84553
-0.8788
-0.8572
-0.89349
-0.86907
-0.92041
-0.51452
-0.38162
-0.52768
-1.1
-1.1994
-1.1376
-1.0965
-1.1519
-0.95579
-0.93136
-0.94647
-0.90356
-0.92932
-1.0346
-0.99133
-0.739
-0.47869
-0.35878
-0.95751
-1.1814
-1.0466
-1.1717
-1.1222
-0.99956
-0.85375
-0.88166
-0.86003
-0.84628
-0.9272
-0.92646
-0.75023
-0.42857
-0.34522
-0.93027
-1.2151
-1.0633
-1.008
-1.0935
-0.95692
-0.88453
-0.88127
-0.8649
-0.92827
-1.1818
-0.94498
-0.86337
-0.36368
-0.21495
-0.47408
-1.0474
-1.0356
-1.0145
-1.0276
-1.0155
-0.83914
-0.90942
-0.82971
-0.8518
-0.82682
-0.9194
-0.90967
-0.71233
-0.42103
-0.36934
-0.81576
-1.1951
-1.0125
-1.0766
-1.0997
-1.0261
-0.93809
-0.89325
-0.89019
-0.90025
-1.0039
-0.86125
-0.99299
-0.55922
-0.21534
-0.44942
-0.89574
-1.2092
-1.1101
-1.1374
-1.1107
-1.0194
-0.99168
-0.9287
-0.94967
-0.96343
-0.89735
-0.90711
-0.67557
-0.46732
-0.35921
-0.80052
-1.1307
-1.0281
-1.0761
-1.0328
-1.0121
-0.9713
-0.9059
-0.89355
-0.87416
-0.93718
-0.87405
-0.90971
-0.93637
-1.0015
-1.1424
-0.98779
-0.95957
-0.94767
-0.98451
-0.8611
-0.81913
-0.77267
-0.71821
-0.74568
-0.85783
-0.81023
-0.79288
-0.82873
-0.85886
-0.83426
-0.84096
-0.74168
-0.66278
-0.61566
-0.65271
-0.6791
-0.69563
-0.58237
-0.60722
-0.41831
-0.41233
-0.50386
-0.62579
-0.54172
-0.4315
-0.42647
-0.48945
-0.43817
-0.58842
-0.53633
-0.50292
-0.46042
-0.70415
-0.75546
-0.71156
-0.69491
-0.76351
-0.89009
-0.78314
-0.88002
-0.80221
-0.87972
-0.87867
-0.86576
-0.88176
-1.0995
-1.1232
-1.121
-1.053
-0.86257
-0.82789
-0.87884
-0.91433
-0.73493
-0.77107
-0.71052
-0.97017
-1.0338
-1.1592
-1.1428
-1.1544
-1.0891
-1.2112
-1.1287
-1.1375
-1.0936
-1.0517
-1.1425
-0.99243
-1.0221
-1.099
-1.0437
-1.058
-0.92305
-1.0099
-1.0821
-1.0531
-0.86931
-0.97152
-0.98832
-0.98501
-0.96824
-0.80479
-0.72356
-0.63951
-0.64145
-0.63885
-0.48876
-0.4754
-0.55296
-0.45622
-0.36142
-0.31474
-0.2621
-0.31076
-0.46197
-0.37467
-0.42444
-0.36961
-0.48159
-0.55932
-0.58264
-0.63469
-0.64291
-0.62252
-0.58185
-0.62667
-0.52539
-0.66814
-0.69384
-0.69858
-0.71443
-0.72728
-0.65768
-0.72282
-0.78867
-0.73701
-0.62901
-0.42854
-0.40226
-0.27349
-0.25736
-0.45441
-0.42996
-0.22025
-0.19166
-0.31141
-0.40816
-0.39737
-0.45319
-0.44931
-0.3959
-0.38667
-0.44643
-0.44269
-0.42152
-0.58943
-0.62572
-0.4782
-0.4818
-0.48647
-0.438
-0.50049
-0.43918
-0.47964
-0.44327
-0.49857
-0.59303
-0.64254
-0.64631
-0.65307
-0.54472
-0.53522
-0.53563
-0.60642
-0.60843
-0.52394
-0.65274
-0.62586
-0.61648
-0.59129
-0.58876
-0.52972
-0.44989
-0.39915
-0.34053
-0.29392
-0.098665
-0.13556
-0.27686
-0.26406
-0.29072
-0.30771
-0.43098
-0.42531
-0.31704
-0.27285
-0.22578
-0.23698
-0.23664
-0.12659
-0.20237
-0.40302
-0.56073
-0.43726
-0.46107
-0.52074
-0.59682
-0.57049
-0.61215
-0.53618
-0.46353
-0.44139
-0.42318
-0.38447
-0.48377
-0.38893
-0.40803
-0.305
-0.36556
-0.33016
-0.30994
-0.29658
-0.28218
-0.44148
-0.4638
-0.3951
-0.47888
-0.5456
-0.56242
-0.50909
-0.36806
-0.31475
-0.35462
-0.31359
-0.32455
-0.39092
-0.4951
-0.42172
-0.39619
-0.3344
-0.37356
-0.30202
-0.38005
-0.39202
-0.41984
-0.39836
-0.38586
-0.43659
-0.50567
-0.53809
-0.52475
-0.43111
-0.42497
-0.52905
-0.4843
-0.59346
-0.63718
-0.63122
-0.63534
-0.59463
-0.56993
-0.52862
-0.50643
-0.49757
-0.44401
-0.40049
-0.42276
-0.40508
-0.49055
-0.48424
-0.47888
-0.5137
-0.55497
-0.57371
-0.53328
-0.48644
-0.47196
-0.34191
-0.47588
-0.41738
-0.41347
-0.36947
-0.31166
-0.34425
-0.28298
-0.38302
-0.44254
-0.59349
-0.59891
-0.59677
-0.65449
-0.64247
-0.54198
-0.6194
-0.51689
-0.40814
-0.44051
-0.40919
-0.40211
-0.29685
-0.41802
-0.4452
-0.41375
-0.48191
-0.4723
-0.52973
-0.55955
-0.61301
-0.5061
-0.56324
-0.54592
-0.46136
-0.38214
-0.5003
-0.59819
-0.5287
-0.41579
-0.49579
-0.54408
-0.53823
-0.58402
-0.48982
-0.60201
-0.45632
-0.54036
-0.402
-0.33786
-0.34412
-0.36213
-0.28616
-0.26184
-0.24471
-0.34624
-0.31512
-0.34107
-0.37044
-0.35616
-0.26958
-0.4163
-0.42451
-0.4583
-0.41016
-0.40563
-0.46377
-0.54261
-0.40627
-0.41656
-0.40379
-0.50774
-0.38216
-0.4013
-0.31148
-0.33456
-0.31118
-0.21006
-0.22672
-0.27158
-0.29439
-0.34841
-0.26706
-0.24632
-0.37418
-0.35431
-0.35077
-0.40279
-0.34595
-0.37432
-0.32326
-0.25035
-0.23107
-0.25905
-0.40654
-0.41915
-0.37492
-0.40074
-0.30665
-0.35402
-0.298
-0.27707
-0.28339
-0.31873
-0.22308
-0.24176
-0.32942
-0.27327
-0.36916
-0.40371
-0.33562
-0.4245
-0.44049
-0.3861
-0.37324
-0.31538
-0.27912
-0.12811
-0.20897
-0.21646
-0.37574
-0.23702
-0.33404
-0.25667
-0.36053
-0.56149
-0.73227
-0.74229
-0.71066
-0.68276
-0.68193
-0.72396
-0.63035
-0.60821
-0.63099
-0.64191
-0.62551
-0.62005
-0.58281
-0.60439
-0.54446
-0.52654
-0.49601
-0.488
-0.39974
-0.42521
-0.41377
-0.44047
-0.40969
-0.3527
-0.37484
-0.40152
-0.44738
-0.53541
-0.46894
-0.42717
-0.49989
-0.51282
-0.44262
-0.41537
-0.3621
-0.32282
-0.3759
-0.38899
-0.40001
-0.36419
-0.3315
-0.26368
-0.32006
-0.34286
-0.2852
-0.22884
-0.31398
-0.273
-0.3585
-0.34274
-0.26066
-0.32461
-0.27349
-0.30096
-0.19586
-0.36147
-0.31948
-0.29183
-0.31887
-0.33281
-0.29958
-0.28371
-0.3829
-0.30257
-0.27111
-0.3552
-0.3104
-0.3178
-0.28744
-0.3933
-0.39946
-0.3889
-0.31556
-0.32975
-0.34608
-0.31653
-0.38375
-0.36228
-0.34455
-0.26183
-0.28949
-0.36854
-0.27257
-0.32706
-0.329
-0.28378
-0.31352
-0.2562
-0.32143
-0.26073
-0.25744
-0.28552
-0.3101
-0.32898
-0.3719
-0.35113
-0.33141
-0.35235
-0.29355
-0.36843
-0.35674
-0.42893
-0.30661
-0.23086
-0.29759
-0.32047
-0.22257
-0.25946
-0.2168
-0.24815
-0.14816
-0.1397
-0.18346
-0.18929
-0.07304
-0.10013
-0.2392
-0.18283
-0.15008
-0.13497
-0.21354
-0.10774
-0.2101
-0.20389
-0.35182
-0.31892
-0.3673
-0.33169
-0.3928
-0.39958
-0.41476
-0.48943
-0.40661
-0.36638
-0.25331
-0.35438
-0.42913
-0.43877
-0.41595
-0.43567
-0.51417
-0.57772
-0.74675
-0.58574
-0.46487
-0.53767
-0.48153
-0.45975
-0.39589
-0.31565
-0.1504
-0.12426
-0.10061
-0.14738
-0.19992
-0.12482
-0.19151
-0.13145
-0.20028
-0.080426
-0.13461
-0.075653
-0.10233
-0.040157
-0.001139
-0.029168
-0.0096194
0.033254
-0.064381
-0.02783
-0.052574
-0.31928
-0.36048
-0.24081
-0.24717
-0.077218
-0.055436
0.029179
0.01473
-0.031069
-0.018876
0.006237
0.015931
0.0037916
-0.038367
-0.039327
0.0043183
-0.0053998
-0.044611
0.042478
-0.10369
-0.79437
-0.97549
-0.71278
-0.70867
-1.2288
-0.85249
-0.85414
-0.97113
-0.99139
-0.9885
-0.91602
-0.77876
-0.76813
-0.78787
-0.69092
-0.56189
-0.5751
-0.51736
-0.4272
-0.29217
-0.24206
-0.26967
-0.2599
-0.33485
-0.38266
-0.68343
-1.1147
-1.2462
-1.4489
-1.4464
-1.3885
-1.2914
-1.1357
-1.1379
-1.1812
-1.206
-1.353
-1.3875
-1.2407
-1.1881
-1.1142
-1.1514
-1.1095
-1.1408
-1.1189
-1.105
-1.0652
-1.0451
-1.0624
-1.1106
-0.91671
-0.89667
-0.83058
-0.81142
-0.72849
-0.70285
-0.66788
-0.53912
-0.52008
-0.48866
-0.42914
-0.54412
-0.71903
-1.1007
-1.0481
-0.94229
-1.2025
-1.2034
-1.293
-1.3047
-1.0994
-1.0873
-1.139
-1.0298
-1.0234
-1.1632
-1.2764
-1.2341
-1.2849
-1.238
-1.1683
-1.069
-1.0159
-0.97211
-1.0718
-0.9922
-1.0478
-0.991
-1.0157
-1.0306
-0.95892
-0.84125
-0.83347
-0.56024
-0.54832
-0.66918
-0.48234
-0.81562
-0.75007
-0.63674
-0.50663
-0.56624
-0.59214
-0.8166
-0.70708
-0.69743
-0.60987
-0.68537
-0.63758
-0.77197
-0.7097
-0.71747
-0.64176
-0.64925
-0.74188
-0.75008
-0.67649
-0.72278
-0.69304
-0.6748
-0.73853
-0.62794
-1.0284
-1.0367
-1.1031
-1.0555
-1.0453
-1.09
-1.0252
-1.1069
-1.0663
-1.0406
-1.0046
-1.0153
-0.93494
-1.044
-0.88448
-0.94908
-0.91402
-0.98939
-0.8308
-0.88556
-0.91226
-0.98664
-0.97497
-0.85403
-0.72426
-0.77796
-0.8963
-0.78773
-0.96245
-0.89335
-0.98684
-0.77028
-0.67993
-0.72798
-0.86301
-0.81863
-0.7734
-0.90274
-0.92132
-0.64584
-0.73486
-0.67941
-0.6129
-0.67375
-0.59534
-0.91163
-0.74378
-0.67802
-0.75334
-0.72065
-0.69282
-0.61124
-0.63538
-1.022
-0.96846
-0.83364
-0.93291
-1.1854
-1.311
-1.3416
-1.2542
-1.2278
-1.4044
-1.3499
-1.0988
-0.89679
-0.81044
-0.7997
-0.94222
-0.95441
-0.94392
-0.88211
-0.96602
-0.98166
-0.92759
-1.2385
-1.4554
-1.524
-1.7094
-1.8144
-1.8877
-1.9659
-1.9567
-1.7201
-1.6271
-1.5323
-1.3887
-1.3907
-1.3556
-1.2512
-1.1942
-1.1184
-0.99509
-1.0447
-0.90941
-0.93347
-0.94124
-1.1031
-1.0547
-1.1175
-1.118
-1.2128
-1.2892
-1.429
-1.5686
-1.6608
-1.8607
-1.8248
-1.784
-1.7317
-1.4711
-1.4049
-1.3111
-1.3382
-1.2483
-1.3463
-1.3415
-1.1401
-1.2256
-1.2045
-1.1218
-1.0288
-1.0677
-1.1439
-1.2854
-1.4247
-1.3756
-1.477
-1.4327
-1.3642
-1.3374
-1.3818
-1.3838
-1.3429
-1.2427
-1.3565
-1.341
-1.4382
-1.2772
-1.2903
-1.2278
-1.2978
-1.34
-1.278
-1.2555
-1.1478
-1.0926
-1.0458
-1.0778
-1.0319
-0.95316
-0.95714
-1.0454
-1.0239
-1.0667
-1.009
-0.99346
-1.0219
-0.97829
-0.93804
-0.88658
-0.77291
-0.77298
-0.87009
-0.93806
-0.8277
-0.81657
-0.9107
-0.83766
-0.89975
-0.86415
-0.87115
-0.83861
-0.82626
-0.80883
-0.82459
-0.76227
-0.86674
-0.79856
-0.90883
-0.92168
-0.9465
-0.76694
-0.75628
-0.74125
-0.80575
-0.7829
-0.75668
-0.79432
-0.78306
-0.78947
-0.8262
-0.7935
-0.79563
-0.74493
-0.69818
-0.67413
-0.54412
-0.61459
-0.62682
-0.54052
-0.55653
-0.51905
-0.22156
-0.25913
-0.3494
-0.41964
-0.44736
-0.45058
-0.4389
-0.40682
-0.38581
-0.38881
-0.3391
-0.21709
-0.32156
-0.36951
-0.37176
-0.34814
-0.27828
-0.24013
-0.31742
-0.28401
-0.30374
-0.32044
-0.34789
-0.37004
-0.37961
-0.5325
-0.54051
-0.50515
-0.47808
-0.50058
-0.45263
-0.40624
-0.51963
-0.51908
-0.47617
-0.41735
-0.41262
-0.3657
-0.50871
-0.48571
-0.31875
-0.23561
-0.23755
-0.20445
-0.27561
-0.2777
-0.2623
-0.32691
-0.33774
-0.35198
-0.43138
-0.52411
-0.36848
-0.35063
-0.33696
-0.29644
-0.26428
-0.3211
-0.27552
-0.33588
-0.24448
-0.2809
-0.30848
-0.33848
-0.37487
-0.27415
-0.29065
-0.29096
-0.26516
-0.44566
-0.34162
-0.38509
-0.37518
-0.33676
-0.34103
-0.3348
-0.41536
-0.44546
-0.50756
-0.42586
-0.43194
-0.47279
-0.48211
-0.44186
-0.44012
-0.29518
-0.33791
-0.44555
-0.27569
-0.20849
-0.13945
-0.24806
-0.30809
-0.33399
-0.45954
-0.469
-0.35754
-0.33338
-0.35436
-0.37193
-0.3651
-0.43329
-0.40336
-0.37108
-0.26317
-0.30083
-0.2811
-0.21299
-0.19931
-0.22412
-0.13947
-0.052694
-0.14052
-0.16501
-0.16353
-0.1795
-0.048965
-0.091844
-0.19662
-0.10573
-0.14344
-0.12163
-0.155
-0.082805
-0.039313
-0.15439
-0.14765
-0.055556
-0.14686
-0.13346
-0.12873
-0.14456
-0.14092
-0.11644
-0.14124
-0.14613
-0.069492
-0.098709
-0.117
-0.09463
-0.073896
-0.098341
-0.066783
-0.048655
-0.058781
0.042807
0.0037874
-0.063037
0.037672
0.079379
-0.0085277
0.019735
0.050895
-0.005776
0.016915
0.05387
0.057021
-0.058526
0.12258
0.019358
-0.0054118
0.0057152
-0.017285
-0.037861
-0.01739
-0.065919
-0.062588
0.023392
-0.060999
0.033178
0.036052
-0.026708
0.00071232
-0.054417
-0.012132
-0.037788
0.043801
0.087992
0.062247
0.085011
0.045867
-0.016461
-0.070684
0.020684
0.056525
0.063501
0.12089
0.10199
0.085667
-0.00094727
0.045459
0.060825
0.060214
-0.029328
-0.028985
-0.098245
-0.025503
-0.060839
-0.025594
-0.06263
0.016293
0.030034
-0.038536
-0.025093
-0.06488
-0.056601
-0.078261
0.020181
-0.0014183
-0.068071
-0.049402
0.031116
0.089613
-0.023221
0.062039
-0.042107
-0.096295
-0.29204
-0.39266
-0.39946
-0.46422
-0.49778
-0.55857
-0.54066
-0.6288
-0.37835
-0.33784
-0.24701
-0.20857
-0.2174
-0.1919
-0.15434
-0.25591
-0.29867
-0.43556
-0.48016
-0.53842
-0.4409
-0.47579
-0.58087
-0.62053
-0.49023
-0.42994
-0.3594
-0.38461
-0.3424
-0.26841
-0.23687
-0.30987
-0.33731
-0.46315
-0.30537
-0.35934
-0.37464
-0.2619
-0.21012
-0.187
-0.24203
-0.16894
-0.21397
-0.16526
-0.11711
-0.12005
-0.11776
-0.14665
-0.15219
-0.0044114
-0.14836
-0.17551
-0.06282
-0.091744
-0.10704
-0.063061
-0.11694
-0.27058
-0.76771
-0.65915
-0.7102
-0.45763
-0.297
-0.26062
-0.18068
-0.15325
-0.26232
-0.055782
-0.092803
-0.036787
0.022869
-0.088257
0.039854
-0.0020751
-0.0065588
0.049928
0.10698
0.09507
0.070291
-0.025038
-0.012699
-0.042819
0.0048054
-0.41796
-0.89831
-0.81869
-0.609
-0.9819
-1.1028
-1.0265
-0.96256
-1.0648
-0.98933
-1.0516
-0.85702
-0.82976
-0.67766
-0.72628
-0.67242
-0.55778
-0.41679
-0.40727
-0.38463
-0.35024
-0.29962
-0.2708
-0.28565
-0.3521
-0.46208
-0.61077
-0.95529
-1.4335
-1.5296
-1.4198
-1.3939
-1.3633
-1.1644
-1.1122
-1.1868
-1.0377
-1.03
-0.93024
-0.87533
-0.92272
-0.82738
-0.76857
-0.7819
-0.7695
-0.67165
-0.5775
-0.52856
-0.55997
-0.54437
-0.41338
-0.46152
-0.40427
-0.46847
-0.4268
-0.41391
-0.41617
-0.41875
-0.39021
-0.33442
-0.34941
-0.3561
-0.2747
-0.26871
-0.22027
-0.18072
-0.21033
-0.19371
-0.1962
-0.13078
0.043997
-0.00575
-0.14697
-0.23684
-0.19674
-0.33667
-0.20615
-0.14898
-0.14211
-0.069235
-0.085611
-0.13595
-0.33937
-0.67108
-0.82214
-0.87173
-0.99481
-0.904
-0.93679
-0.98935
-1.0349
-0.80331
-0.91887
-0.87281
-0.95548
-0.92623
-0.94966
-1.0537
-1.1299
-1.1784
-1.1841
-1.2898
-1.29
-1.1892
-1.1833
-1.1434
-1.2118
-1.1618
-1.1444
-1.3477
-1.6048
-1.4904
-1.2349
-1.3808
-1.6934
-1.6786
-1.685
-1.492
-1.3681
-1.2758
-1.2158
-1.2104
-1.3149
-1.3246
-1.4094
-1.255
-1.2535
-1.1801
-1.1931
-1.1593
-1.1607
-1.0357
-0.94926
-0.91028
-0.91204
-0.87445
-0.8664
-0.8301
-0.79473
-0.83439
-0.74098
-0.8091
-0.63804
-0.68199
-0.70593
-0.61438
-0.65407
-0.46155
-0.48771
-0.44058
-0.49645
-0.46273
-0.79314
-1.0412
-1.2027
-1.2444
-1.1886
-1.1395
-0.96512
-0.95583
-1.1211
-1.1028
-0.95989
-0.8777
-0.94076
-0.86409
-0.93049
-1.1994
-1.1079
-1.0033
-0.93865
-0.88507
-0.99644
-1.0192
-1.0095
-0.89877
-0.86123
-0.85093
-0.88401
-1.0683
-1.0168
-1.363
-1.1133
-1.1073
-1.0395
-1.0125
-1.0959
-0.97122
-1.0152
-1.0078
-0.97111
-0.84483
-0.91147
-0.87467
-0.91515
-0.87452
-0.87388
-0.9034
-0.98864
-0.98217
-1.0051
-1.1631
-1.0868
-1.095
-1.3928
-1.4566
-1.638
-1.6681
-1.6303
-1.5409
-1.5635
-1.5753
-1.5118
-1.4508
-1.4092
-1.2273
-1.0608
-0.95117
-0.68993
-0.411
-0.82889
-1.0882
-0.93023
-0.86043
-0.83032
-0.84904
-0.87238
-0.78935
-0.67298
-0.73973
-0.83986
-0.8071
-0.82936
-0.82006
-0.73398
-0.7346
-0.45485
-0.29003
-0.23748
-1.0614
-0.95809
-0.91954
-0.85564
-0.84172
-0.85176
-0.78454
-0.58437
-0.5821
-0.63341
-0.67904
-0.66636
-0.68915
-0.67272
-0.64382
-0.25291
-0.11338
-0.28601
-1.0574
-0.94553
-0.86641
-0.76489
-0.87548
-0.90972
-0.76006
-0.62786
-0.664
-0.6636
-0.69629
-0.7217
-0.71907
-0.78811
-0.66941
-0.19981
-0.11373
-0.69992
-1.0233
-0.89192
-0.81614
-0.82272
-0.77312
-0.7463
-0.68232
-0.61025
-0.64281
-0.6227
-0.61416
-0.72166
-0.58975
-0.54535
-0.16942
-0.093814
-0.13988
-0.92421
-0.95292
-0.87597
-0.79129
-0.8537
-0.86523
-0.75993
-0.54253
-0.49788
-0.54619
-0.54586
-0.59807
-0.53378
-0.54744
-0.49113
-0.1105
-0.13265
-0.63026
-1.1529
-0.84526
-0.8658
-0.82289
-0.86767
-0.74047
-0.65894
-0.55037
-0.58795
-0.66785
-0.6588
-0.6971
-0.56628
-0.51142
-0.22923
-0.091681
-0.44187
-1.0526
-0.84779
-0.84133
-0.81733
-0.81073
-0.84661
-0.857
-0.71624
-0.6746
-0.73208
-0.72299
-0.7252
-0.71751
-0.61427
-0.30144
-0.13544
-0.32043
-1.0188
-1.0785
-0.95048
-0.80892
-0.79674
-0.8848
-0.79702
-0.57288
-0.52627
-0.604
-0.63609
-0.59095
-0.59888
-0.5816
-0.53543
-0.27003
-0.1061
-0.12437
-0.95377
-1.0406
-0.90368
-0.74931
-0.86052
-0.91482
-0.81046
-0.61468
-0.59466
-0.75307
-0.6727
-0.62497
-0.51765
-0.43304
-0.50278
-0.050959
-0.087527
-0.58597
-1.0909
-0.86256
-0.87322
-0.79635
-0.81424
-0.80399
-0.60343
-0.50454
-0.55003
-0.63502
-0.59672
-0.54748
-0.49086
-0.48683
-0.22321
-0.035524
-0.18962
-1.1155
-0.93869
-0.86672
-0.79172
-0.74835
-0.76609
-0.66467
-0.51283
-0.5542
-0.54273
-0.57164
-0.53098
-0.54957
-0.5293
-0.32657
-0.11559
-0.08545
-0.59502
-1.0892
-0.90302
-0.94316
-0.78871
-0.77273
-0.79591
-0.69082
-0.58203
-0.63317
-0.55936
-0.6387
-0.6477
-0.6074
-0.53034
-0.25313
-0.099749
-0.11101
-0.95103
-0.97368
-0.89546
-0.81976
-0.9031
-0.93968
-0.79596
-0.6283
-0.58812
-0.66328
-0.70638
-0.6632
-0.53969
-0.43524
-0.48236
-0.15026
-0.18716
-0.31875
-1.0209
-0.95033
-0.98125
-0.87399
-0.77453
-0.81161
-0.71735
-0.49552
-0.50691
-0.64331
-0.61735
-0.53787
-0.51133
-0.52608
-0.34779
-0.013071
-0.0705
-0.71967
-1.1502
-0.90233
-0.92475
-0.86191
-0.84146
-0.71832
-0.69493
-0.58659
-0.62253
-0.62478
-0.5684
-0.54154
-0.54353
-0.54463
-0.37953
-0.012421
-0.158
-0.77404
-1.0135
-0.86482
-0.82109
-0.74718
-0.70521
-0.69618
-0.51769
-0.47222
-0.52138
-0.54978
-0.55641
-0.55782
-0.57641
-0.58875
-0.25313
-0.036805
-0.15315
-0.86351
-0.97077
-0.79454
-0.81048
-0.74462
-0.79088
-0.76027
-0.5653
-0.48409
-0.6047
-0.63226
-0.59531
-0.54121
-0.4999
-0.45939
-0.29096
0.031147
-0.097226
-0.67163
-1.0603
-0.83052
-0.75151
-0.68938
-0.6161
-0.59234
-0.56951
-0.41635
-0.60039
-0.57624
-0.46122
-0.50922
-0.47175
-0.48663
-0.16568
-0.04454
-0.24193
-0.98935
-0.96938
-0.89099
-0.82256
-0.78898
-0.82508
-0.78316
-0.63993
-0.53367
-0.66469
-0.64077
-0.54148
-0.53641
-0.56455
-0.56913
-0.5193
-0.099699
-0.033245
-0.21406
-0.89808
-0.78067
-0.83902
-0.69559
-0.72256
-0.71064
-0.70511
-0.54044
-0.50242
-0.55445
-0.51011
-0.48393
-0.48289
-0.601
-0.46599
-0.048466
0.041681
-0.48573
-0.92385
-0.77932
-0.80953
-0.80084
-0.63476
-0.65257
-0.47629
-0.42618
-0.56105
-0.56306
-0.48568
-0.46477
-0.45569
-0.53884
-0.42262
-0.10127
-0.018526
-0.18265
-0.96318
-0.84556
-0.80655
-0.79723
-0.82483
-0.7377
-0.72515
-0.44602
-0.50655
-0.64642
-0.57362
-0.59673
-0.60019
-0.56835
-0.40355
-0.14587
-0.10327
-0.61797
-1.0697
-0.7491
-0.79342
-0.77197
-0.70901
-0.68856
-0.59073
-0.48643
-0.53749
-0.66859
-0.65812
-0.65089
-0.60706
-0.60756
-0.21967
-0.09612
-0.20176
-0.95735
-1.0175
-0.86169
-0.943
-0.90537
-0.75151
-0.79903
-0.55988
-0.62287
-0.57687
-0.7078
-0.57033
-0.58446
-0.42934
-0.52259
-0.55437
-0.21558
0.0052828
-0.24952
-1.0594
-0.90613
-0.91005
-0.75451
-0.69798
-0.74569
-0.65166
-0.45717
-0.48997
-0.59782
-0.60302
-0.55828
-0.48093
-0.46394
-0.48937
-0.3792
-0.069159
0.052582
-0.5337
-0.95238
-0.81352
-0.81517
-0.75463
-0.78187
-0.70448
-0.67693
-0.55626
-0.63989
-0.63285
-0.62113
-0.60328
-0.45961
-0.45808
-0.50038
-0.019732
-0.042822
-0.36695
-1.0521
-0.86947
-0.84236
-0.78608
-0.7123
-0.68928
-0.61585
-0.43615
-0.53328
-0.59972
-0.58959
-0.52873
-0.44645
-0.43816
-0.54816
-0.21851
-0.13629
-0.23686
-0.91591
-0.79148
-0.72793
-0.59456
-0.6728
-0.61912
-0.65132
-0.4118
-0.55719
-0.50226
-0.58831
-0.40575
-0.48601
-0.49699
-0.45548
-0.23609
-0.2233
-0.43547
-0.99847
-0.78573
-0.76415
-0.74735
-0.70396
-0.69531
-0.68467
-0.51178
-0.55808
-0.55399
-0.60806
-0.53992
-0.39063
-0.43234
-0.46491
-0.23049
-0.10192
-0.07742
-0.88004
-0.8872
-0.77563
-0.68717
-0.75977
-0.61692
-0.64217
-0.40044
-0.44798
-0.45803
-0.52269
-0.49739
-0.44387
-0.46394
-0.40458
-0.14575
0.046016
0.015593
-0.90248
-0.85785
-0.81006
-0.71668
-0.83506
-0.7199
-0.66302
-0.39512
-0.41088
-0.51467
-0.57013
-0.47468
-0.4528
-0.47006
-0.51412
-0.20017
-0.0185
0.01903
-0.83564
-0.93401
-0.84506
-0.67307
-0.76336
-0.69327
-0.83752
-0.50789
-0.54306
-0.63898
-0.59262
-0.5266
-0.48234
-0.54866
-0.54412
-0.3481
-0.037339
0.11302
-0.58562
-0.90011
-0.75707
-0.58999
-0.70322
-0.62836
-0.70001
-0.49601
-0.40634
-0.5251
-0.62907
-0.5539
-0.47147
-0.44069
-0.40209
-0.44095
-0.18076
0.053158
-0.12202
-0.83929
-0.96192
-0.7794
-0.70498
-0.73097
-0.69712
-0.70898
-0.58477
-0.41769
-0.55539
-0.62299
-0.50927
-0.53809
-0.53108
-0.63474
-0.58704
-0.097436
-0.021858
-0.37252
-1.0065
-0.7126
-0.70465
-0.65708
-0.78476
-0.74192
-0.80705
-0.49909
-0.47895
-0.59523
-0.47602
-0.45406
-0.43004
-0.55028
-0.55407
-0.63014
-0.76475
-0.69352
-0.7554
-0.80867
-0.93106
-0.96386
-1.0304
-1.0411
-0.90623
-0.82777
-0.88495
-0.85514
-0.87943
-0.89835
-0.90928
-1.0276
-1.0054
-0.83227
-0.75998
-0.8055
-0.80542
-0.80419
-0.87116
-0.73917
-0.75237
-0.85887
-0.86826
-0.98721
-1.155
-1.1102
-1.1962
-1.2614
-1.1531
-1.3169
-1.3674
-1.3945
-1.3573
-1.2736
-1.1968
-1.1454
-0.81621
-0.7273
-0.73478
-0.77686
-0.88698
-0.95246
-0.83359
-0.7833
-0.63767
-0.69427
-0.64436
-0.42789
-0.27914
-0.41489
-0.55764
-0.48743
-0.48002
-0.70414
-0.69247
-0.6634
-0.53926
-0.58936
-0.72206
-0.78205
-0.82684
-0.71732
-0.76173
-0.72375
-0.69807
-0.68401
-0.63017
-0.6152
-0.64371
-0.70032
-0.63193
-0.55444
-0.51553
-0.52625
-0.48253
-0.40518
-0.32975
-0.34457
-0.31162
-0.26864
-0.55114
-0.34423
-0.26252
-0.30021
-0.25768
-0.35445
-0.35847
-0.27007
-0.15517
-0.16778
-0.27818
-0.32093
-0.17851
-0.2171
-0.27465
-0.35258
-0.26593
-0.20179
-0.34602
-0.36175
-0.36041
-0.33395
-0.37271
-0.41947
-0.47477
-0.55809
-0.51968
-0.86206
-0.91086
-0.77095
-0.72818
-0.80549
-0.83283
-0.82136
-0.7794
-0.87152
-0.8944
-0.81388
-0.84662
-0.77885
-0.72427
-0.65743
-0.60474
-0.69645
-0.66482
-0.65083
-0.61905
-0.65356
-0.68133
-0.56455
-0.49382
-0.4189
-0.42422
-0.39478
-0.3556
-0.29152
-0.31514
-0.3471
-0.3908
-0.36284
-0.36164
-0.27741
-0.27905
-0.29052
-0.26875
-0.371
-0.47377
-0.4779
-0.63519
-0.61093
-0.58326
-0.74477
-0.78813
-0.74383
-0.67773
-0.57653
-0.46951
-0.36154
-0.34849
-0.41591
-0.39319
-0.40096
-0.49511
-0.34154
-0.32317
-0.26092
